0.5	0.00199862	7.42068e-05	1052.27	1050	105	506.281	44.0992	44.0992	176.397	176.397	0 17953.9 9523.32 	27477.2	0.002074	1.85e-05	1050	1050	1050	0 1.82783e+07 8.31076e+06 	2.6589e+07	6.50702	6.5039	666.612	666.612	0.0090392	0	1.02	1.02
1	0.00199848	7.42706e-05	1053.13	1050	105	507.151	44.0974	44.0974	176.39	176.39	0 17937.3 9510.18 	27447.5	0.002074	1.85e-05	1050	1050	1050	0 1.82711e+07 8.30781e+06 	2.65789e+07	6.50831	6.5039	666.612	666.612	0.00903404	0	1.02	1.02
1.5	0.0019984	7.43073e-05	1053.61	1050	105	507.656	44.0957	44.0957	176.383	176.383	0 17927.7 9502.29 	27430	0.002074	1.85e-05	1050	1050	1050	0 1.82664e+07 8.30588e+06 	2.65723e+07	6.50911	6.5039	666.612	666.612	0.00903073	0	1.02	1.02
2	0.00199834	7.43327e-05	1053.95	1050	105	508.008	44.0941	44.0941	176.376	176.376	0 17921 9496.68 	27417.7	0.002074	1.85e-05	1050	1050	1050	0 1.82629e+07 8.30444e+06 	2.65673e+07	6.50969	6.5039	666.612	666.612	0.00902828	0	1.02	1.02
2.5	0.00199942	7.45786e-05	1058.06	1050	105	512.117	44.0942	44.0942	176.377	176.377	0 18101 9520.12 	27621.1	0.002074	1.82495e-05	1035.72	1050	1035.72	0 1.33902e+06 1.34504e+06 	2.68406e+06	6.49916	6.5039	12399	666.612	0.330363	0	1.02	1.02
3	0.00198618	7.28746e-05	1026.73	1050	105	480.95	44.0781	44.0781	176.312	176.312	0 16025.7 9080.77 	25106.5	0.00205905	1.81228e-05	1021.12	1050	1021.12	0 1.29443e+06 2.01825e+06 	3.31268e+06	6.63001	6.5039	12399	666.612	0.483695	0	1.02	1.02
3.5	0.0019757	6.859e-05	960.336	1050	105	415.035	44.0302	44.0302	176.121	176.121	0 14640.1 9019.66 	23659.8	0.00204429	1.79871e-05	1006.21	1050	1006.21	0 1.30608e+06 2.73402e+06 	4.0401e+06	6.73605	6.5039	12399	666.612	0.642255	0	1.02	1.02
4	0.00196558	6.35359e-05	883.972	1050	105	339.43	43.9543	43.9543	175.817	175.817	0 13618.5 9054.83 	22673.3	0.00202911	1.78477e-05	990.992	1050	990.992	0 1.31703e+06 3.46382e+06 	4.78085e+06	6.8407	6.5039	12399	666.612	0.798863	0	1.02	1.02
4.5	0.00195526	5.82517e-05	805.196	1050	105	261.694	43.8502	43.8502	175.401	175.401	0 12807.7 9110.41 	21918.1	0.00201351	1.77046e-05	975.486	1050	975.486	0 1.32718e+06 4.20712e+06 	5.5343e+06	6.94955	6.5039	12399	666.612	0.953093	0	1.02	1.02
5	0.00194405	5.34407e-05	733.626	1050	105	191.465	43.7161	43.7161	174.864	174.864	0 12001.8 9047.8 	21049.6	0.00199749	1.75578e-05	959.7	1050	959.7	0 1.33632e+06 4.96326e+06 	6.29958e+06	7.07047	6.5039	12399	666.612	1.1045	0	1.02	1.02
5.5	0.00193106	4.99869e-05	681.088	1050	105	140.615	43.5473	43.5473	174.189	174.189	0 11052 8644.41 	19696.4	0.00198104	1.74075e-05	943.647	1050	943.647	0 1.34372e+06 5.73128e+06 	7.075e+06	7.21415	6.5039	12399	666.612	1.25259	0	1.02	1.02
6	0.00191632	4.78546e-05	646.768	1050	105	108.205	43.3562	43.3562	173.425	173.425	0 9886.06 7872.7 	17758.8	0.00196418	1.72535e-05	927.339	1050	927.339	0 1.34972e+06 6.5107e+06 	7.86042e+06	7.38181	6.5039	12399	666.612	1.39701	0	1.02	1.02
6.5	0.00190033	4.65819e-05	624.17	1050	105	87.5498	43.162	43.162	172.648	172.648	0 8513.29 6838.61 	15351.9	0.00194691	1.7096e-05	910.792	1050	910.792	0 1.35503e+06 7.30117e+06 	8.6562e+06	7.56981	6.5039	12399	666.612	1.53746	0	1.02	1.02
7	0.00188337	4.58679e-05	609.072	1050	105	74.3851	42.9687	42.9687	171.875	171.875	0 7044.13 5627.52 	12671.7	0.00192924	1.69349e-05	894.022	1050	894.022	0 1.35984e+06 8.10203e+06 	9.46187e+06	7.77608	6.5039	12399	666.612	1.67359	0	1.02	1.02
7.5	0.00186567	4.55182e-05	598.759	1050	105	65.9947	42.7764	42.7764	171.106	171.106	0 5583.38 4300.9 	9884.28	0.00191119	1.67703e-05	877.045	1050	877.045	0 1.36421e+06 8.91249e+06 	1.02767e+07	7.99959	6.5039	12399	666.612	1.80503	0	1.02	1.02
8	0.00184732	4.54088e-05	591.498	1050	105	60.6472	42.5851	42.5851	170.34	170.34	0 4828.6 3672.97 	8501.57	0.00189273	1.66025e-05	859.879	1050	859.879	0 1.3664e+06 9.73087e+06 	1.10973e+07	8.24035	6.5039	12399	666.612	1.93167	0	1.02	1.02
8.5	0.00182842	4.54598e-05	586.186	1050	105	57.239	42.3947	42.3947	169.579	169.579	0 4681.69 3689.85 	8371.54	0.00187388	1.64314e-05	842.543	1050	842.543	0 1.36675e+06 1.05565e+07 	1.19232e+07	8.49852	6.5039	12399	666.612	2.05318	0	1.02	1.02
9	0.00180905	4.56197e-05	582.119	1050	105	55.0668	42.2052	42.2052	168.821	168.821	0 4568.08 3705.93 	8274	0.00185467	1.6257e-05	825.057	1050	825.057	0 1.36691e+06 1.13891e+07 	1.2756e+07	8.77442	6.5039	12399	666.612	2.16904	0	1.02	1.02
9.5	0.00178926	4.5856e-05	578.849	1050	105	53.6823	42.0167	42.0167	168.067	168.067	0 4474.84 3721.59 	8196.43	0.00183511	1.60795e-05	807.439	1050	807.439	0 1.36694e+06 1.22279e+07 	1.35949e+07	9.06884	6.5039	12399	666.612	2.27896	0	1.02	1.02
10	0.00176907	4.61478e-05	576.091	1050	105	52.8	41.8291	41.8291	167.317	167.317	0 4393.21 3736.36 	8129.57	0.00181522	1.58988e-05	789.712	1050	789.712	0 1.36689e+06 1.30719e+07 	1.44388e+07	9.3828	6.5039	12399	666.612	2.38268	0	1.02	1.02
10.5	0.00174853	4.64819e-05	573.663	1050	105	52.2376	41.6425	41.6425	166.57	166.57	0 4317.26 3749.3 	8066.56	0.00179501	1.57152e-05	771.896	1050	771.896	0 1.36678e+06 1.39201e+07 	1.52869e+07	9.7175	6.5039	12399	666.612	2.47996	0	1.02	1.02
11	0.00172764	4.68499e-05	571.447	1050	105	51.8792	41.4568	41.4568	165.827	165.827	0 4244.36 3760.94 	8005.29	0.00177449	1.55287e-05	754.014	1050	754.014	0 1.36664e+06 1.47714e+07 	1.6138e+07	10.0743	6.5039	12399	666.612	2.57059	0	1.02	1.02
11.5	0.00170642	4.72466e-05	569.371	1050	105	51.6508	41.272	41.272	165.088	165.088	0 4173.08 3771.78 	7944.87	0.00175367	1.53394e-05	736.086	1050	736.086	0 1.36646e+06 1.56248e+07 	1.69913e+07	10.4546	6.5039	12399	666.612	2.65439	0	1.02	1.02
12	0.00168491	4.76689e-05	567.387	1050	105	51.5052	41.0882	41.0882	164.353	164.353	0 4102.58 3782.13 	7884.71	0.00173258	1.51476e-05	718.137	1050	718.137	0 1.36627e+06 1.64793e+07 	1.78456e+07	10.8602	6.5039	12399	666.612	2.73123	0	1.02	1.02
12.5	0.00166312	4.81149e-05	565.465	1050	105	51.4124	40.9053	40.9053	163.621	163.621	0 4032.33 3792.12 	7824.45	0.00171123	1.49533e-05	700.187	1050	700.187	0 1.36605e+06 1.73338e+07 	1.86998e+07	11.2928	6.5039	12399	666.612	2.80099	0	1.02	1.02
13	0.00164105	4.85835e-05	563.586	1050	105	51.3533	40.7232	40.7232	162.893	162.893	0 3962.09 3801.86 	7763.95	0.00168964	1.47567e-05	682.26	1050	682.26	0 1.36582e+06 1.81872e+07 	1.9553e+07	11.7544	6.5039	12399	666.612	2.8636	0	1.02	1.02
13.5	0.00161874	4.90743e-05	561.737	1050	105	51.3156	40.5421	40.5421	162.169	162.169	0 3891.75 3811.44 	7703.19	0.00166782	1.45579e-05	664.377	1050	664.377	0 1.36557e+06 1.90384e+07 	2.0404e+07	12.2472	6.5039	12399	666.612	2.91902	0	1.02	1.02
14	0.00159621	4.95871e-05	559.911	1050	105	51.2916	40.3619	40.3619	161.448	161.448	0 3821.29 3820.9 	7642.19	0.00164579	1.43571e-05	646.561	1050	646.561	0 1.36531e+06 1.98864e+07 	2.12517e+07	12.7733	6.5039	12399	666.612	2.96724	0	1.02	1.02
14.5	0.00157346	5.0122e-05	558.102	1050	105	51.2762	40.1826	40.1826	160.73	160.73	0 3750.73 3830.27 	7581	0.00162358	1.41546e-05	628.834	1050	628.834	0 1.36503e+06 2.07302e+07 	2.20953e+07	13.3353	6.5039	12399	666.612	3.00831	0	1.02	1.02
15	0.00155053	5.06792e-05	556.308	1050	105	51.2665	40.0042	40.0042	160.017	160.017	0 3680.11 3839.58 	7519.7	0.00160121	1.39503e-05	611.217	1050	611.217	0 1.36473e+06 2.15688e+07 	2.29335e+07	13.9358	6.5039	12399	666.612	3.04229	0	1.02	1.02
15.5	0.00152742	5.12591e-05	554.527	1050	105	51.2603	39.8267	39.8267	159.307	159.307	0 3609.51 3848.84 	7458.35	0.00157868	1.37446e-05	593.73	1050	593.73	0 1.36442e+06 2.24011e+07 	2.37655e+07	14.5779	6.5039	12399	666.612	3.06927	0	1.02	1.02
16	0.00150416	5.1862e-05	552.757	1050	105	51.2563	39.65	39.65	158.6	158.6	0 3539.01 3858.05 	7397.05	0.00155603	1.35376e-05	576.394	1050	576.394	0 1.3641e+06 2.32262e+07 	2.45903e+07	15.2646	6.5039	12399	666.612	3.08939	0	1.02	1.02
16.5	0.00148078	5.24883e-05	550.996	1050	105	51.2538	39.4743	39.4743	157.897	157.897	0 3468.67 3867.21 	7335.87	0.00153327	1.33294e-05	559.229	1050	559.229	0 1.36375e+06 2.40432e+07 	2.5407e+07	15.9993	6.5039	12399	666.612	3.10281	0	1.02	1.02
17	0.00145728	5.31387e-05	549.246	1050	105	51.2522	39.2994	39.2994	157.198	157.198	0 3398.57 3876.32 	7274.89	0.00151042	1.31203e-05	542.252	1050	542.252	0 1.36339e+06 2.48512e+07 	2.62146e+07	16.7858	6.5039	12399	666.612	3.10971	0	1.02	1.02
17.5	0.00143369	5.38135e-05	547.505	1050	105	51.2511	39.1254	39.1254	156.501	156.501	0 3328.8 3885.38 	7214.18	0.0014875	1.29105e-05	525.481	1050	525.481	0 1.36301e+06 2.56493e+07 	2.70123e+07	17.628	6.5039	12399	666.612	3.11032	0	1.02	1.02
18	0.00141003	5.45132e-05	545.773	1050	105	51.2505	38.9522	38.9522	155.809	155.809	0 3259.43 3894.4 	7153.83	0.00146454	1.27e-05	508.934	1050	508.934	0 1.36262e+06 2.64368e+07 	2.77994e+07	18.5304	6.5039	12399	666.612	3.10486	0	1.02	1.02
18.5	0.00138632	5.52384e-05	544.05	1050	105	51.2501	38.7799	38.7799	155.12	155.12	0 3190.53 3903.36 	7093.89	0.00144156	1.24891e-05	492.627	1050	492.627	0 1.3622e+06 2.72128e+07 	2.8575e+07	19.4975	6.5039	12399	666.612	3.0936	0	1.02	1.02
19	0.00136258	5.59896e-05	542.335	1050	105	51.2498	38.6085	38.6085	154.434	154.434	0 3122.18 3912.26 	7034.44	0.00141857	1.2278e-05	476.573	1050	476.573	0 1.36177e+06 2.79767e+07 	2.93385e+07	20.5346	6.5039	12399	666.612	3.07681	0	1.02	1.02
19.5	0.00133882	5.67673e-05	540.629	1050	105	51.2496	38.438	38.438	153.752	153.752	0 3054.44 3921.1 	6975.54	0.00139559	1.20668e-05	460.787	1050	460.787	0 1.36131e+06 2.87279e+07 	3.00892e+07	21.6471	6.5039	12399	666.612	3.05477	0	1.02	1.02
20	0.00131508	5.75722e-05	538.932	1050	105	51.2495	38.2682	38.2682	153.073	153.073	0 2987.37 3929.87 	6917.24	0.00137265	1.18557e-05	445.281	1050	445.281	0 1.36083e+06 2.94656e+07 	3.08265e+07	22.8411	6.5039	12399	666.612	3.02781	0	1.02	1.02
20.5	0.00129135	5.84046e-05	537.243	1050	105	51.2495	38.0994	38.0994	152.397	152.397	0 2921.04 3938.57 	6859.6	0.00134976	1.16449e-05	430.067	1050	430.067	0 1.36033e+06 3.01895e+07 	3.15498e+07	24.1231	6.5039	12399	666.612	2.99621	0	1.02	1.02
21	0.00126768	5.92653e-05	535.563	1050	105	51.2494	37.9313	37.9313	151.725	151.725	0 2855.49 3947.18 	6802.67	0.00132694	1.14345e-05	415.156	1050	415.156	0 1.35981e+06 3.08989e+07 	3.22587e+07	25.5003	6.5039	12399	666.612	2.96031	0	1.02	1.02
21.5	0.00124406	6.01548e-05	533.891	1050	105	51.2494	37.7642	37.7642	151.057	151.057	0 2790.78 3955.71 	6746.48	0.00130421	1.12246e-05	400.555	1050	400.555	0 1.35926e+06 3.15935e+07 	3.29527e+07	26.9804	6.5039	12399	666.612	2.92043	0	1.02	1.02
22	0.00122052	6.10737e-05	532.227	1050	105	51.2494	37.5978	37.5978	150.391	150.391	0 2726.94 3964.14 	6691.08	0.00128159	1.10156e-05	386.273	1050	386.273	0 1.35868e+06 3.22728e+07 	3.36315e+07	28.5718	6.5039	12399	666.612	2.87689	0	1.02	1.02
22.5	0.00119707	6.20226e-05	530.572	1050	105	51.2494	37.4323	37.4323	149.729	149.729	0 2664.02 3972.47 	6636.49	0.0012591	1.08074e-05	372.318	1050	372.318	0 1.35808e+06 3.29366e+07 	3.42947e+07	30.2837	6.5039	12399	666.612	2.83001	0	1.02	1.02
23	0.00117374	6.3002e-05	528.925	1050	105	51.2493	37.2676	37.2676	149.07	149.07	0 2602.06 3980.69 	6582.75	0.00123674	1.06002e-05	358.695	1050	358.695	0 1.35745e+06 3.35845e+07 	3.4942e+07	32.126	6.5039	12399	666.612	2.78013	0	1.02	1.02
23.5	0.00115053	6.40127e-05	527.286	1050	105	51.2493	37.1037	37.1037	148.415	148.415	0 2541.07 3988.79 	6529.86	0.00121454	1.03942e-05	345.408	1050	345.408	0 1.35679e+06 3.42164e+07 	3.55732e+07	34.1097	6.5039	12399	666.612	2.72755	0	1.02	1.02
24	0.00112746	6.50552e-05	525.656	1050	105	51.2493	36.9406	36.9406	147.763	147.763	0 2481.1 3996.76 	6477.86	0.00119251	1.01894e-05	332.462	1050	332.462	0 1.3561e+06 3.4832e+07 	3.61881e+07	36.2467	6.5039	12399	666.612	2.67259	0	1.02	1.02
24.5	0.00110454	6.61302e-05	524.033	1050	105	51.2493	36.7784	36.7784	147.114	147.114	0 2422.15 4004.59 	6426.74	0.00117067	9.98614e-06	319.858	1050	319.858	0 1.35538e+06 3.54313e+07 	3.67867e+07	38.5499	6.5039	12399	666.612	2.61555	0	1.02	1.02
25	0.00108179	6.72383e-05	522.419	1050	105	51.2493	36.617	36.617	146.468	146.468	0 2364.24 4012.27 	6376.51	0.00114903	9.78436e-06	307.6	1050	307.6	0 1.35463e+06 3.60141e+07 	3.73687e+07	41.0334	6.5039	12399	666.612	2.55672	0	1.02	1.02
25.5	0.00105922	6.83803e-05	520.813	1050	105	51.2493	36.4563	36.4563	145.825	145.825	0 2307.38 4019.8 	6327.18	0.0011276	9.58423e-06	295.686	1050	295.686	0 1.35384e+06 3.65804e+07 	3.79342e+07	43.7129	6.5039	12399	666.612	2.49638	0	1.02	1.02
26	0.00103684	6.95568e-05	519.214	1050	105	51.2493	36.2965	36.2965	145.186	145.186	0 2251.63 4027.22 	6278.85	0.0011064	9.38584e-06	284.118	1050	284.118	0 1.35301e+06 3.71302e+07 	3.84832e+07	46.6051	6.5039	12399	666.612	2.43482	0	1.02	1.02
26.5	0.00101466	7.07685e-05	517.624	1050	105	51.2493	36.1375	36.1375	144.55	144.55	0 2196.99 4034.51 	6231.5	0.00108543	9.18929e-06	272.894	1050	272.894	0 1.35215e+06 3.76635e+07 	3.90157e+07	49.7287	6.5039	12399	666.612	2.37227	0	1.02	1.02
27	0.000992691	7.20161e-05	516.042	1050	105	51.2493	35.9792	35.9792	143.917	143.917	0 2143.4 4041.62 	6185.02	0.00106471	8.99468e-06	262.013	1050	262.013	0 1.35124e+06 3.81805e+07 	3.95318e+07	53.104	6.5039	12399	666.612	2.30899	0	1.02	1.02
27.5	0.000970942	7.33004e-05	514.467	1050	105	51.2493	35.8218	35.8218	143.287	143.287	0 2090.87 4048.52 	6139.39	0.00104424	8.80208e-06	251.472	1050	251.472	0 1.3503e+06 3.86813e+07 	4.00316e+07	56.7532	6.5039	12399	666.612	2.24521	0	1.02	1.02
28	0.00094942	7.46221e-05	512.9	1050	105	51.2493	35.6651	35.6651	142.66	142.66	0 2039.38 4055.21 	6094.6	0.00102404	8.61157e-06	241.268	1050	241.268	0 1.34931e+06 3.91659e+07 	4.05152e+07	60.7008	6.5039	12399	666.612	2.18115	0	1.02	1.02
28.5	0.000928135	7.5982e-05	511.341	1050	105	51.2493	35.5092	35.5092	142.037	142.037	0 1988.93 4061.67 	6050.6	0.00100412	8.42323e-06	231.397	1050	231.397	0 1.34827e+06 3.96347e+07 	4.09829e+07	64.9737	6.5039	12399	666.612	2.117	0	1.02	1.02
29	0.000907092	7.73809e-05	509.79	1050	105	51.2493	35.3541	35.3541	141.416	141.416	0 1939.49 4067.9 	6007.4	0.000984473	8.23711e-06	221.854	1050	221.854	0 1.34719e+06 4.00876e+07 	4.14348e+07	69.6012	6.5039	12399	666.612	2.05295	0	1.02	1.02
29.5	0.000886297	7.88197e-05	508.247	1050	105	51.2493	35.1998	35.1998	140.799	140.799	0 1891.15 4074.02 	5965.17	0.000965117	8.05328e-06	212.636	1050	212.636	0 1.34605e+06 4.05251e+07 	4.18712e+07	74.616	6.5039	12399	666.612	1.98918	0	1.02	1.02
30	0.000865757	8.02991e-05	506.711	1050	105	51.2493	35.0462	35.0462	140.185	140.185	0 1843.77 4079.86 	5923.63	0.000946056	7.87179e-06	203.737	1050	203.737	0 1.34486e+06 4.09474e+07 	4.22923e+07	80.0538	6.5039	12399	666.612	1.92584	0	1.02	1.02
30.5	0.000845476	8.182e-05	505.183	1050	105	51.2493	34.8934	34.8934	139.574	139.574	0 1797.33 4085.41 	5882.74	0.000927296	7.69268e-06	195.151	1050	195.151	0 1.34361e+06 4.13547e+07 	4.26983e+07	85.954	6.5039	12399	666.612	1.86308	0	1.02	1.02
31	0.000825458	8.33833e-05	503.663	1050	105	51.2493	34.7414	34.7414	138.965	138.965	0 1751.8 4090.65 	5842.45	0.000908842	7.51599e-06	186.871	1050	186.871	0 1.34231e+06 4.17472e+07 	4.30896e+07	92.3602	6.5039	12399	666.612	1.80104	0	1.02	1.02
31.5	0.000805707	8.499e-05	502.15	1050	105	51.2493	34.5901	34.5901	138.36	138.36	0 1707.19 4095.63 	5802.82	0.000890697	7.34176e-06	178.893	1050	178.893	0 1.34094e+06 4.21254e+07 	4.34664e+07	99.3205	6.5039	12399	666.612	1.73982	0	1.02	1.02
32	0.000786225	8.6641e-05	500.645	1050	105	51.2493	34.4396	34.4396	137.758	137.758	0 1663.5 4100.38 	5763.89	0.000872866	7.17002e-06	171.208	1050	171.208	0 1.3395e+06 4.24895e+07 	4.3829e+07	106.888	6.5039	12399	666.612	1.67953	0	1.02	1.02
32.5	0.000767014	8.83372e-05	499.147	1050	105	51.2493	34.2898	34.2898	137.159	137.159	0 1620.61 4104.77 	5725.38	0.000855351	7.00079e-06	163.81	1050	163.81	0 1.338e+06 4.28399e+07 	4.41779e+07	115.123	6.5039	12399	666.612	1.62028	0	1.02	1.02
33	0.000748076	9.00797e-05	497.657	1050	105	51.2493	34.1408	34.1408	136.563	136.563	0 1578.47 4108.77 	5687.24	0.000838156	6.8341e-06	156.693	1050	156.693	0 1.33642e+06 4.31768e+07 	4.45132e+07	124.089	6.5039	12399	666.612	1.56213	0	1.02	1.02
33.5	0.000729412	9.18695e-05	496.174	1050	105	51.2493	33.9925	33.9925	135.97	135.97	0 1537.1 4112.45 	5649.55	0.000821282	6.66996e-06	149.848	1050	149.848	0 1.33475e+06 4.35006e+07 	4.48354e+07	133.86	6.5039	12399	666.612	1.50516	0	1.02	1.02
34	0.000711023	9.37078e-05	494.699	1050	105	51.2493	33.8449	33.8449	135.38	135.38	0 1496.47 4115.81 	5612.28	0.000804731	6.50838e-06	143.269	1050	143.269	0 1.33301e+06 4.38117e+07 	4.51447e+07	144.517	6.5039	12399	666.612	1.44943	0	1.02	1.02
34.5	0.000692908	9.55955e-05	493.231	1050	105	51.2493	33.6981	33.6981	134.793	134.793	0 1456.46 4118.71 	5575.17	0.000788504	6.34937e-06	136.948	1050	136.948	0 1.33118e+06 4.41104e+07 	4.54416e+07	156.15	6.5039	12399	666.612	1.39499	0	1.02	1.02
35	0.000675068	9.7534e-05	491.77	1050	105	51.2493	33.5521	33.5521	134.208	134.208	0 1417.03 4121.13 	5538.16	0.000772602	6.19293e-06	130.877	1050	130.877	0 1.32925e+06 4.4397e+07 	4.57263e+07	168.861	6.5039	12399	666.612	1.34188	0	1.02	1.02
35.5	0.000657499	9.95245e-05	490.316	1050	105	51.2493	33.4067	33.4067	133.627	133.627	0 1378.23 4123.25 	5501.48	0.000757024	6.03907e-06	125.05	1050	125.05	0 1.32722e+06 4.4672e+07 	4.59992e+07	182.761	6.5039	12399	666.612	1.29014	0	1.02	1.02
36	0.000640203	0.000101568	488.87	1050	105	51.2493	33.2621	33.2621	133.048	133.048	0 1339.89 4124.83 	5464.72	0.000741771	5.88778e-06	119.459	1050	119.459	0 1.32508e+06 4.49356e+07 	4.62607e+07	197.978	6.5039	12399	666.612	1.23979	0	1.02	1.02
36.5	0.000623175	0.000103666	487.431	1050	105	51.2493	33.1182	33.1182	132.473	132.473	0 1301.96 4125.85 	5427.8	0.000726842	5.73907e-06	114.095	1050	114.095	0 1.32282e+06 4.51882e+07 	4.6511e+07	214.654	6.5039	12399	666.612	1.19086	0	1.02	1.02
37	0.000606415	0.000105821	485.999	1050	105	51.2493	32.975	32.975	131.9	131.9	0 1264.49 4126.47 	5390.96	0.000712235	5.59291e-06	108.953	1050	108.953	0 1.32044e+06 4.54301e+07 	4.67506e+07	232.949	6.5039	12399	666.612	1.14334	0	1.02	1.02
37.5	0.000589918	0.000108032	484.575	1050	105	51.2493	32.8325	32.8325	131.33	131.33	0 1227.29 4126.46 	5353.75	0.00069795	5.44932e-06	104.024	1050	104.024	0 1.31793e+06 4.56618e+07 	4.69797e+07	253.044	6.5039	12399	666.612	1.09725	0	1.02	1.02
38	0.000573681	0.000110303	483.157	1050	105	51.2493	32.6908	32.6908	130.763	130.763	0 1190.35 4125.84 	5316.2	0.000683984	5.30826e-06	99.3017	1050	99.3017	0 1.31526e+06 4.58835e+07 	4.71987e+07	275.143	6.5039	12399	666.612	1.05259	0	1.02	1.02
38.5	0.000557702	0.000112634	481.747	1050	105	51.2493	32.5497	32.5497	130.199	130.199	0 1153.64 4124.67 	5278.31	0.000670336	5.16974e-06	94.7783	1050	94.7783	0 1.31244e+06 4.60955e+07 	4.7408e+07	299.478	6.5039	12399	666.612	1.00935	0	1.02	1.02
39	0.000541974	0.000115028	480.343	1050	105	51.2493	32.4094	32.4094	129.638	129.638	0 1116.98 4122.73 	5239.72	0.000657002	5.03373e-06	90.447	1050	90.447	0 1.30945e+06 4.62982e+07 	4.76077e+07	326.313	6.5039	12399	666.612	0.967531	0	1.02	1.02
39.5	0.000526494	0.000117487	478.947	1050	105	51.2493	32.2697	32.2697	129.079	129.079	0 1080.43 4120.21 	5200.63	0.000643981	4.90023e-06	86.3009	1050	86.3009	0 1.30628e+06 4.6492e+07 	4.77983e+07	355.951	6.5039	12399	666.612	0.927111	0	1.02	1.02
40	0.000511256	0.000120012	477.557	1050	105	51.2493	32.1308	32.1308	128.523	128.523	0 1043.79 4116.86 	5160.65	0.000631268	4.76922e-06	82.3332	1050	82.3332	0 1.30289e+06 4.66771e+07 	4.798e+07	388.736	6.5039	12399	666.612	0.888076	0	1.02	1.02
40.5	0.000496254	0.000122606	476.175	1050	105	51.2493	31.9925	31.9925	127.97	127.97	0 1007.05 4112.74 	5119.78	0.00061886	4.64069e-06	78.5373	1050	78.5373	0 1.29929e+06 4.68538e+07 	4.81531e+07	425.067	6.5039	12399	666.612	0.850408	0	1.02	1.02
41	0.000481482	0.000125271	474.799	1050	105	51.2493	31.855	31.855	127.42	127.42	0 970.079 4107.77 	5077.85	0.000606753	4.51461e-06	74.9068	1050	74.9068	0 1.29543e+06 4.70224e+07 	4.83178e+07	465.404	6.5039	12399	666.612	0.814084	0	1.02	1.02
41.5	0.000466932	0.000128011	473.43	1050	105	51.2493	31.7181	31.7181	126.872	126.872	0 932.777 4101.88 	5034.66	0.000594943	4.39098e-06	71.4352	1050	71.4352	0 1.2913e+06 4.71832e+07 	4.84745e+07	510.281	6.5039	12399	666.612	0.779079	0	1.02	1.02
42	0.000452595	0.000130828	472.068	1050	105	51.2493	31.5819	31.5819	126.328	126.328	0 895.061 4095.06 	4990.12	0.000583423	4.26979e-06	68.1165	1050	68.1165	0 1.28686e+06 4.73366e+07 	4.86234e+07	560.325	6.5039	12399	666.612	0.745367	0	1.02	1.02
42.5	0.000438464	0.000133726	470.713	1050	105	51.2493	31.4464	31.4464	125.785	125.785	0 856.766 4087.15 	4943.91	0.00057219	4.15102e-06	64.9447	1050	64.9447	0 1.28208e+06 4.74827e+07 	4.87648e+07	616.267	6.5039	12399	666.612	0.71292	0	1.02	1.02
43	0.000424526	0.00013671	469.364	1050	105	51.2493	31.3115	31.3115	125.246	125.246	0 817.796 4078.17 	4895.97	0.000561236	4.03466e-06	61.9138	1050	61.9138	0 1.27691e+06 4.76218e+07 	4.88987e+07	678.981	6.5039	12399	666.612	0.681708	0	1.02	1.02
43.5	0.00041077	0.000139785	468.023	1050	105	51.2493	31.1773	31.1773	124.709	124.709	0 777.951 4067.94 	4845.9	0.000550555	3.92072e-06	59.0183	1050	59.0183	0 1.27129e+06 4.77543e+07 	4.90256e+07	749.503	6.5039	12399	666.612	0.651701	0	1.02	1.02
44	0.000397182	0.000142956	466.688	1050	105	51.2493	31.0438	31.0438	124.175	124.175	0 737.081 4056.44 	4793.52	0.000540138	3.8092e-06	56.2527	1050	56.2527	0 1.26517e+06 4.78802e+07 	4.91454e+07	829.088	6.5039	12399	666.612	0.622867	0	1.02	1.02
44.5	0.000383746	0.000146231	465.359	1050	105	51.2493	30.911	30.911	123.644	123.644	0 694.954 4043.48 	4738.44	0.000529976	3.7001e-06	53.6116	1050	53.6116	0 1.25846e+06 4.79999e+07 	4.92584e+07	919.264	6.5039	12399	666.612	0.595173	0	1.02	1.02
45	0.00037044	0.000149618	464.038	1050	105	51.2493	30.7788	30.7788	123.115	123.115	0 651.306 4028.95 	4680.25	0.000520058	3.59343e-06	51.09	1050	51.09	0 1.25107e+06 4.81135e+07 	4.93646e+07	1021.92	6.5039	12399	666.612	0.568587	0	1.02	1.02
45.5	0.000357242	0.000153129	462.722	1050	105	51.2493	30.6473	30.6473	122.589	122.589	0 605.822 4012.68 	4618.51	0.000510371	3.48924e-06	48.6827	1050	48.6827	0 1.24287e+06 4.82214e+07 	4.94642e+07	1139.42	6.5039	12399	666.612	0.543075	0	1.02	1.02
46	0.000344121	0.000156778	461.414	1050	105	51.2493	30.5165	30.5165	122.066	122.066	0 558.069 3994.39 	4552.46	0.0005009	3.38755e-06	46.3851	1050	46.3851	0 1.23371e+06 4.83235e+07 	4.95572e+07	1274.78	6.5039	12399	666.612	0.518603	0	1.02	1.02
46.5	0.00033104	0.000160585	460.112	1050	105	51.2493	30.3862	30.3862	121.545	121.545	0 507.57 3973.95 	4481.52	0.000491624	3.28843e-06	44.1925	1050	44.1925	0 1.22339e+06 4.84202e+07 	4.96436e+07	1431.96	6.5039	12399	666.612	0.49514	0	1.02	1.02
47	0.000317948	0.000164573	458.816	1050	105	51.2493	30.2567	30.2567	121.027	121.027	0 453.581 3950.82 	4404.4	0.000482521	3.19198e-06	42.1004	1050	42.1004	0 1.21166e+06 4.85115e+07 	4.97232e+07	1616.22	6.5039	12399	666.612	0.47265	0	1.02	1.02
47.5	0.000304781	0.000168776	457.527	1050	105	51.2493	30.1278	30.1278	120.511	120.511	0 395.211 3924.68 	4319.89	0.000473558	3.09831e-06	40.1045	1050	40.1045	0 1.19816e+06 4.85976e+07 	4.97957e+07	1834.87	6.5039	12399	666.612	0.4511	0	1.02	1.02
48	0.00029145	0.000173244	456.244	1050	105	51.2493	29.9995	29.9995	119.998	119.998	0 331.125 3894.78 	4225.9	0.000464693	3.00763e-06	38.2006	1050	38.2006	0 1.18243e+06 4.86785e+07 	4.98609e+07	2098.36	6.5039	12399	666.612	0.430458	0	1.02	1.02
48.5	0.000277828	0.000178043	454.968	1050	105	51.2493	29.8719	29.8719	119.488	119.488	0 259.445 3860.16 	4119.61	0.000455872	2.92019e-06	36.3847	1050	36.3847	0 1.16383e+06 4.87542e+07 	4.9918e+07	2422.37	6.5039	12399	666.612	0.410689	0	1.02	1.02
49	0.000263732	0.000183281	453.698	1050	105	51.2493	29.7449	29.7449	118.98	118.98	0 177.425 3819.5 	3996.92	0.000447013	2.83641e-06	34.653	1050	34.653	0 1.14141e+06 4.88247e+07 	4.99661e+07	2831.91	6.5039	12399	666.612	0.39176	0	1.02	1.02
49.5	0.000248884	0.000189118	452.435	1050	105	51.2493	29.6185	29.6185	118.474	118.474	0 80.5934 3770.4 	3850.99	0.000438003	2.75689e-06	33.0018	1050	33.0018	0 1.11382e+06 4.88896e+07 	5.00035e+07	3369.59	6.5039	12399	666.612	0.373637	0	1.02	1.02
50	0.000232836	0.00019583	451.177	1050	105	51.2493	29.4928	29.4928	117.971	117.971	0 -38.2471 3709.25 	3671	0.000428666	2.68261e-06	31.4275	1050	31.4275	0 1.07896e+06 4.89487e+07 	5.00276e+07	4115.46	6.5039	12399	666.612	0.356286	0	1.02	1.02
50.5	0.000214811	0.000203909	449.926	1050	105	51.2493	29.3677	29.3677	117.471	117.471	0 -191.772 3628.93 	3437.16	0.00041872	2.6152e-06	29.9267	1050	29.9267	0 1.0334e+06 4.90008e+07 	5.00342e+07	5240.84	6.5039	12399	666.612	0.339667	0	1.02	1.02
51	0.000193314	0.000214357	448.682	1050	105	51.2493	29.2432	29.2432	116.973	116.973	0 -405.011 3515.06 	3110.04	0.000407671	2.55764e-06	28.4961	1050	28.4961	0 971096 4.90443e+07 	5.00154e+07	7190.86	6.5039	12399	666.612	0.323736	0	1.02	1.02
51.5	0.000164815	0.000229689	447.443	1050	105	51.2493	29.1194	29.1194	116.477	116.477	0 -737.508 3329.65 	2592.14	0.000394505	2.5164e-06	27.1326	1050	27.1326	0 879406 4.90749e+07 	4.99543e+07	11603.2	6.5039	12399	666.612	0.308426	0	1.02	1.02
