0.2	0.00199891	7.40534e-05	1050.21	1050	105	504.208	44.1	44.1	176.4	176.4	0 17993.7 9553.37 	27547.1	0.002074	1.85e-05	1050	1050	1050	0 20294.2 10136.8 	30431	6.50418	6.5039	666.612	666.612	0.00904993	0	1.02	1.02
0.4	0.00199889	7.40644e-05	1050.36	1050	105	504.357	44.0999	44.0999	176.4	176.4	0 17990.8 9551.2 	27542	0.002074	1.85e-05	1050	1050	1050	0 20190.8 10085.2 	30276	6.50438	6.5039	666.612	666.612	0.00904916	0	1.02	1.02
0.6	0.00199887	7.40722e-05	1050.46	1050	105	504.462	44.0999	44.0999	176.4	176.4	0 17988.8 9549.65 	27538.5	0.002074	1.85e-05	1050	1050	1050	0 20113 10046.4 	30159.4	6.50453	6.5039	666.612	666.612	0.00904858	0	1.02	1.02
0.8	0.00199886	7.40777e-05	1050.53	1050	105	504.536	44.0998	44.0998	176.399	176.399	0 17987.4 9548.53 	27535.9	0.002074	1.85e-05	1050	1050	1050	0 20054.4 10017.1 	30071.5	6.50464	6.5039	666.612	666.612	0.00904815	0	1.02	1.02
1	0.00199885	7.40816e-05	1050.59	1050	105	504.588	44.0997	44.0997	176.399	176.399	0 17986.4 9547.73 	27534.1	0.002074	1.85e-05	1050	1050	1050	0 20009.9 9994.96 	30004.9	6.50472	6.5039	666.612	666.612	0.00904784	0	1.02	1.02
1.2	0.00199885	7.40842e-05	1050.62	1050	105	504.625	44.0996	44.0996	176.399	176.399	0 17985.7 9547.15 	27532.8	0.002074	1.85e-05	1050	1050	1050	0 19976.1 9978.09 	29954.2	6.50478	6.5039	666.612	666.612	0.0090476	0	1.02	1.02
1.4	0.00199884	7.4086e-05	1050.64	1050	105	504.649	44.0995	44.0995	176.398	176.398	0 17985.2 9546.75 	27531.9	0.002074	1.85e-05	1050	1050	1050	0 19950.3 9965.2 	29915.5	6.50483	6.5039	666.612	666.612	0.00904742	0	1.02	1.02
1.6	0.00199884	7.40872e-05	1050.66	1050	105	504.666	44.0994	44.0994	176.398	176.398	0 17984.9 9546.46 	27531.3	0.002074	1.85e-05	1050	1050	1050	0 19930.4 9955.29 	29885.7	6.50486	6.5039	666.612	666.612	0.00904728	0	1.02	1.02
1.8	0.00199884	7.4088e-05	1050.67	1050	105	504.677	44.0993	44.0993	176.397	176.397	0 17984.7 9546.26 	27530.9	0.002074	1.85e-05	1050	1050	1050	0 19915.1 9947.64 	29862.7	6.50488	6.5039	666.612	666.612	0.00904717	0	1.02	1.02
2	0.00199883	7.40885e-05	1050.68	1050	105	504.685	44.0992	44.0992	176.397	176.397	0 17984.5 9546.11 	27530.6	0.002074	1.85e-05	1050	1050	1050	0 19903.2 9941.68 	29844.9	6.5049	6.5039	666.612	666.612	0.00904709	0	1.02	1.02
2.2	0.00213693	8.09161e-05	1227.26	1050	105	680.626	44.1637	44.1637	176.655	176.655	0 33664.8 14717.4 	48382.2	0.00221785	1.72165e-05	1044.33	1050	1044.33	0 1.38075e+06 669702 	2.05046e+06	5.3235	6.5039	12399	666.612	0.177588	0	1.02	1.02
2.4	0.00210471	0.000103405	1553.24	1050	105	1005.44	44.2792	44.2792	177.117	177.117	0 29437.6 10787.2 	40224.8	0.00220811	1.71974e-05	1038.6	1050	1038.6	0 1.34044e+06 679299 	2.01974e+06	5.57181	6.5039	12399	666.612	0.177823	0	1.02	1.02
2.6	0.00207407	0.000124638	1854.81	1050	105	1306.13	44.3676	44.3676	177.47	177.47	0 26658 8365.15 	35023.1	0.00219871	1.71747e-05	1032.82	1050	1032.82	0 1.30388e+06 690710 	1.99459e+06	5.82238	6.5039	12399	666.612	0.178518	0	1.02	1.02
2.8	0.00204879	0.000141707	2092.29	1050	105	1542.99	44.4303	44.4303	177.721	177.721	0 24584.5 6923.69 	31508.2	0.0021905	1.71417e-05	1027	1050	1027	0 1.27871e+06 707281 	1.98599e+06	6.04053	6.5039	12399	666.612	0.180586	0	1.02	1.02
3	0.0020308	0.000153144	2248.06	1050	105	1698.34	44.4722	44.4722	177.889	177.889	0 22781.7 6110.87 	28892.5	0.00218394	1.70947e-05	1021.12	1050	1021.12	0 1.26887e+06 730753 	1.99962e+06	6.20256	6.5039	12399	666.612	0.184479	0	1.02	1.02
3.2	0.00201942	0.000159159	2327.07	1050	105	1777.07	44.4994	44.4994	177.998	177.998	0 21343.2 5687.31 	27030.5	0.00217858	1.70374e-05	1015.19	1050	1015.19	0 1.27025e+06 759345 	2.0296e+06	6.30799	6.5039	12399	666.612	0.189721	0	1.02	1.02
3.4	0.00201265	0.000161091	2348.8	1050	105	1798.63	44.5174	44.5174	178.07	178.07	0 20368.6 5490.08 	25858.7	0.00217374	1.69749e-05	1009.21	1050	1009.21	0 1.27681e+06 790410 	2.06722e+06	6.37186	6.5039	12399	666.612	0.195598	0	1.02	1.02
3.6	0.00200865	0.000160427	2334.28	1050	105	1783.98	44.5297	44.5297	178.119	178.119	0 19759.7 5419.12 	25178.8	0.00216907	1.69099e-05	1003.19	1050	1003.19	0 1.28535e+06 822557 	2.10791e+06	6.41003	6.5039	12399	666.612	0.201716	0	1.02	1.02
3.8	0.00200619	0.000158263	2298.89	1050	105	1748.51	44.5386	44.5386	178.154	178.154	0 19376.9 5418.11 	24795	0.00216445	1.68436e-05	997.113	1050	997.113	0 1.29474e+06 855283 	2.15002e+06	6.43363	6.5039	12399	666.612	0.207914	0	1.02	1.02
4	0.00200456	0.000155269	2252.02	1050	105	1701.57	44.5454	44.5454	178.181	178.181	0 19119 5456.69 	24575.7	0.00215983	1.67761e-05	990.992	1050	990.992	0 1.30459e+06 888415 	2.193e+06	6.44932	6.5039	12399	666.612	0.214128	0	1.02	1.02
4.2	0.00200337	0.000151822	2198.94	1050	105	1648.44	44.5506	44.5506	178.202	178.202	0 18926 5518.74 	24444.8	0.00215519	1.67077e-05	984.824	1050	984.824	0 1.31474e+06 921884 	2.23663e+06	6.46081	6.5039	12399	666.612	0.220328	0	1.02	1.02
4.4	0.00200241	0.000148127	2142.53	1050	105	1591.98	44.5547	44.5547	178.219	178.219	0 18764.6 5595.74 	24360.3	0.00215053	1.66384e-05	978.61	1050	978.61	0 1.32515e+06 955657 	2.2808e+06	6.47015	6.5039	12399	666.612	0.226497	0	1.02	1.02
4.6	0.00200155	0.000144296	2084.33	1050	105	1533.75	44.5579	44.5579	178.231	178.231	0 18616.5 5683.19 	24299.7	0.00214585	1.65682e-05	972.351	1050	972.351	0 1.33575e+06 989712 	2.32546e+06	6.47842	6.5039	12399	666.612	0.232625	0	1.02	1.02
4.8	0.00200075	0.00014039	2025.21	1050	105	1474.61	44.5601	44.5601	178.24	178.24	0 18472.1 5778.76 	24250.9	0.00214114	1.64971e-05	966.048	1050	966.048	0 1.34653e+06 1.02403e+06 	2.37057e+06	6.48626	6.5039	12399	666.612	0.238704	0	1.02	1.02
5	0.00199995	0.000136444	1965.66	1050	105	1415.05	44.5615	44.5615	178.246	178.246	0 18325.9 5881.23 	24207.2	0.0021364	1.64252e-05	959.7	1050	959.7	0 1.35748e+06 1.05861e+06 	2.41609e+06	6.49399	6.5039	12399	666.612	0.244729	0	1.02	1.02
5.2	0.00199915	0.00013248	1905.97	1050	105	1355.35	44.5621	44.5621	178.248	178.248	0 18174.9 5990.05 	24165	0.00213163	1.63525e-05	953.31	1050	953.31	0 1.36857e+06 1.09343e+06 	2.462e+06	6.50185	6.5039	12399	666.612	0.250695	0	1.02	1.02
5.4	0.00199831	0.000128509	1846.33	1050	105	1295.72	44.5617	44.5617	178.247	178.247	0 18017.3 6104.97 	24122.2	0.00212682	1.6279e-05	946.878	1050	946.878	0 1.3798e+06 1.12848e+06 	2.50828e+06	6.50997	6.5039	12399	666.612	0.256596	0	1.02	1.02
5.6	0.00199745	0.000124543	1786.88	1050	105	1236.27	44.5605	44.5605	178.242	178.242	0 17851.8 6225.95 	24077.7	0.00212199	1.62047e-05	940.405	1050	940.405	0 1.39114e+06 1.16375e+06 	2.5549e+06	6.51844	6.5039	12399	666.612	0.262429	0	1.02	1.02
5.8	0.00199654	0.000120589	1727.71	1050	105	1177.13	44.5583	44.5583	178.233	178.233	0 17677.6 6353.05 	24030.7	0.00211713	1.61295e-05	933.892	1050	933.892	0 1.4026e+06 1.19924e+06 	2.60184e+06	6.52734	6.5039	12399	666.612	0.26819	0	1.02	1.02
6	0.00199558	0.000116652	1668.94	1050	105	1118.39	44.5551	44.5551	178.22	178.22	0 17494.3 6486.35 	23980.6	0.00211223	1.60536e-05	927.339	1050	927.339	0 1.41416e+06 1.23493e+06 	2.64909e+06	6.53676	6.5039	12399	666.612	0.273874	0	1.02	1.02
6.2	0.00199456	0.00011274	1610.63	1050	105	1060.12	44.5508	44.5508	178.203	178.203	0 17301.2 6625.95 	23927.2	0.0021073	1.5977e-05	920.748	1050	920.748	0 1.42581e+06 1.27081e+06 	2.69662e+06	6.54675	6.5039	12399	666.612	0.279478	0	1.02	1.02
6.4	0.00199349	0.000108858	1552.88	1050	105	1002.43	44.5454	44.5454	178.182	178.182	0 17098 6771.94 	23869.9	0.00210234	1.58995e-05	914.12	1050	914.12	0 1.43752e+06 1.30687e+06 	2.74439e+06	6.55739	6.5039	12399	666.612	0.284996	0	1.02	1.02
6.6	0.00199234	0.000105013	1495.78	1050	105	945.392	44.5388	44.5388	178.155	178.155	0 16884.4 6924.32 	23808.7	0.00209735	1.58214e-05	907.455	1050	907.455	0 1.4493e+06 1.34309e+06 	2.79239e+06	6.56875	6.5039	12399	666.612	0.290426	0	1.02	1.02
6.8	0.00199111	0.00010121	1439.41	1050	105	889.105	44.5309	44.5309	178.124	178.124	0 16660.1 7083.07 	23743.2	0.00209232	1.57425e-05	900.756	1050	900.756	0 1.46111e+06 1.37947e+06 	2.84059e+06	6.58092	6.5039	12399	666.612	0.295762	0	1.02	1.02
7	0.00198979	9.74577e-05	1383.88	1050	105	833.662	44.5216	44.5216	178.087	178.087	0 16425.1 7248.04 	23673.2	0.00208725	1.56629e-05	894.022	1050	894.022	0 1.47295e+06 1.416e+06 	2.88895e+06	6.59397	6.5039	12399	666.612	0.301001	0	1.02	1.02
7.2	0.00198838	9.37619e-05	1329.27	1050	105	779.164	44.5109	44.5109	178.043	178.043	0 16179.5 7418.93 	23598.4	0.00208215	1.55826e-05	887.255	1050	887.255	0 1.48479e+06 1.45265e+06 	2.93744e+06	6.608	6.5039	12399	666.612	0.306138	0	1.02	1.02
7.4	0.00198687	9.01307e-05	1275.7	1050	105	725.718	44.4985	44.4985	177.994	177.994	0 15923.3 7595.29 	23518.6	0.002077	1.55016e-05	880.456	1050	880.456	0 1.49662e+06 1.48941e+06 	2.98602e+06	6.62311	6.5039	12399	666.612	0.311169	0	1.02	1.02
7.6	0.00198524	8.6572e-05	1223.28	1050	105	673.434	44.4844	44.4844	177.938	177.938	0 15657.2 7776.44 	23433.6	0.00207182	1.542e-05	873.626	1050	873.626	0 1.5084e+06 1.52626e+06 	3.03466e+06	6.63941	6.5039	12399	666.612	0.31609	0	1.02	1.02
7.8	0.00198349	8.30941e-05	1172.11	1050	105	622.43	44.4685	44.4685	177.874	177.874	0 15381.7 7961.43 	23343.2	0.00206659	1.53378e-05	866.767	1050	866.767	0 1.52011e+06 1.56319e+06 	3.0833e+06	6.65702	6.5039	12399	666.612	0.320895	0	1.02	1.02
8	0.0019816	7.97059e-05	1122.33	1050	105	572.827	44.4505	44.4505	177.802	177.802	0 15098 8148.99 	23247	0.00206131	1.52551e-05	859.879	1050	859.879	0 1.53172e+06 1.60019e+06 	3.13191e+06	6.67606	6.5039	12399	666.612	0.325581	0	1.02	1.02
8.2	0.00197957	7.64167e-05	1074.06	1050	105	524.753	44.4304	44.4304	177.722	177.722	0 14807.9 8338.18 	23146.1	0.00205598	1.51717e-05	852.964	1050	852.964	0 1.5432e+06 1.63723e+06 	3.18043e+06	6.69669	6.5039	12399	666.612	0.330143	0	1.02	1.02
8.4	0.00197728	7.33084e-05	1028.41	1050	105	479.33	44.4079	44.4079	177.632	177.632	0 14505.4 8515.2 	23020.6	0.00205059	1.5088e-05	846.023	1050	846.023	0 1.55441e+06 1.67424e+06 	3.22865e+06	6.71992	6.5039	12399	666.612	0.334565	0	1.02	1.02
8.6	0.00197464	7.04693e-05	986.587	1050	105	437.76	44.3827	44.3827	177.531	177.531	0 14187.8 8662.82 	22850.6	0.00204511	1.50041e-05	839.057	1050	839.057	0 1.56516e+06 1.71115e+06 	3.27631e+06	6.74694	6.5039	12399	666.612	0.338828	0	1.02	1.02
8.8	0.00197167	6.78723e-05	948.209	1050	105	399.666	44.3543	44.3543	177.417	177.417	0 13865.5 8779.83 	22645.4	0.00203954	1.49199e-05	832.068	1050	832.068	0 1.57545e+06 1.74795e+06 	3.32341e+06	6.77751	6.5039	12399	666.612	0.342932	0	1.02	1.02
9	0.00196845	6.54472e-05	912.308	1050	105	364.083	44.3225	44.3225	177.29	177.29	0 13550.2 8873.46 	22423.6	0.00203389	1.48354e-05	825.057	1050	825.057	0 1.58539e+06 1.78469e+06 	3.37008e+06	6.81083	6.5039	12399	666.612	0.346887	0	1.02	1.02
9.2	0.00196504	6.31457e-05	878.22	1050	105	330.351	44.2869	44.2869	177.148	177.148	0 13247.9 8949.98 	22197.9	0.00202818	1.47505e-05	818.024	1050	818.024	0 1.59506e+06 1.82137e+06 	3.41643e+06	6.84634	6.5039	12399	666.612	0.350702	0	1.02	1.02
9.4	0.00196149	6.09333e-05	845.474	1050	105	298	44.2474	44.2474	176.989	176.989	0 12958.1 9013.05 	21971.2	0.00202242	1.46652e-05	810.972	1050	810.972	0 1.60454e+06 1.85804e+06 	3.46259e+06	6.88358	6.5039	12399	666.612	0.354382	0	1.02	1.02
9.6	0.00195783	5.87838e-05	813.713	1050	105	266.676	44.2037	44.2037	176.815	176.815	0 12675.7 9066.36 	21742.1	0.00201662	1.45793e-05	803.902	1050	803.902	0 1.61394e+06 1.89473e+06 	3.50867e+06	6.92217	6.5039	12399	666.612	0.357936	0	1.02	1.02
9.8	0.00195412	5.66754e-05	782.644	1050	105	236.085	44.1559	44.1559	176.624	176.624	0 12391 9113.69 	21504.7	0.00201079	1.44928e-05	796.815	1050	796.815	0 1.62335e+06 1.93147e+06 	3.55482e+06	6.96175	6.5039	12399	666.612	0.36137	0	1.02	1.02
10	0.00195028	5.46547e-05	752.896	1050	105	206.859	44.1037	44.1037	176.415	176.415	0 12093.2 9145.25 	21238.5	0.00200494	1.44057e-05	789.712	1050	789.712	0 1.63273e+06 1.96824e+06 	3.60097e+06	7.00289	6.5039	12399	666.612	0.364679	0	1.02	1.02
10.2	0.00194614	5.28771e-05	726.554	1050	105	181.084	44.047	44.047	176.188	176.188	0 11778.8 9123.92 	20902.7	0.00199901	1.43183e-05	782.595	1050	782.595	0 1.64176e+06 2.0049e+06 	3.64666e+06	7.04774	6.5039	12399	666.612	0.367833	0	1.02	1.02
10.4	0.0019416	5.1403e-05	704.411	1050	105	159.56	43.9852	43.9852	175.941	175.941	0 11447.6 9030.19 	20477.8	0.00199301	1.42308e-05	775.465	1050	775.465	0 1.65032e+06 2.0414e+06 	3.69172e+06	7.09724	6.5039	12399	666.612	0.370822	0	1.02	1.02
10.6	0.00193675	5.01816e-05	685.763	1050	105	141.584	43.9179	43.9179	175.672	175.672	0 11095.8 8871.78 	19967.6	0.00198693	1.4143e-05	768.324	1050	768.324	0 1.65855e+06 2.07778e+06 	3.73633e+06	7.15074	6.5039	12399	666.612	0.373658	0	1.02	1.02
10.8	0.00193163	4.91704e-05	670.02	1050	105	126.572	43.8448	43.8448	175.379	175.379	0 10720 8656.74 	19376.8	0.0019808	1.40549e-05	761.173	1050	761.173	0 1.66655e+06 2.11409e+06 	3.78064e+06	7.2077	6.5039	12399	666.612	0.376349	0	1.02	1.02
11	0.0019263	4.83355e-05	656.708	1050	105	114.035	43.7673	43.7673	175.069	175.069	0 10317.2 8392.42 	18709.7	0.00197464	1.39663e-05	754.014	1050	754.014	0 1.67442e+06 2.15035e+06 	3.82478e+06	7.26768	6.5039	12399	666.612	0.378904	0	1.02	1.02
11.2	0.0019208	4.76499e-05	645.452	1050	105	103.565	43.6887	43.6887	174.755	174.755	0 9887.45 8087.11 	17974.6	0.00196845	1.38772e-05	746.847	1050	746.847	0 1.68224e+06 2.18659e+06 	3.86883e+06	7.33034	6.5039	12399	666.612	0.381328	0	1.02	1.02
11.4	0.00191515	4.709e-05	635.924	1050	105	94.822	43.6102	43.6102	174.441	174.441	0 9432.86 7747.53 	17180.4	0.00196224	1.37876e-05	739.674	1050	739.674	0 1.69005e+06 2.22282e+06 	3.91287e+06	7.39539	6.5039	12399	666.612	0.383627	0	1.02	1.02
11.6	0.00190939	4.66355e-05	627.839	1050	105	87.5201	43.5319	43.5319	174.128	174.128	0 8958.03 7379.95 	16338	0.00195602	1.36974e-05	732.498	1050	732.498	0 1.69789e+06 2.25904e+06 	3.95693e+06	7.46257	6.5039	12399	666.612	0.385801	0	1.02	1.02
11.8	0.00190353	4.62691e-05	620.96	1050	105	81.4222	43.4537	43.4537	173.815	173.815	0 8469.08 6990.11 	15459.2	0.0019498	1.36066e-05	725.318	1050	725.318	0 1.70578e+06 2.29525e+06 	4.00103e+06	7.5317	6.5039	12399	666.612	0.387854	0	1.02	1.02
12	0.00189759	4.59767e-05	615.087	1050	105	76.3298	43.3757	43.3757	173.503	173.503	0 7972.43 6582.82 	14555.3	0.00194357	1.35153e-05	718.137	1050	718.137	0 1.71374e+06 2.33145e+06 	4.04519e+06	7.60262	6.5039	12399	666.612	0.389786	0	1.02	1.02
12.2	0.00189159	4.57463e-05	610.056	1050	105	72.0769	43.2979	43.2979	173.191	173.191	0 7474.2 6162.23 	13636.4	0.00193734	1.34233e-05	710.956	1050	710.956	0 1.72177e+06 2.36764e+06 	4.08942e+06	7.67518	6.5039	12399	666.612	0.391597	0	1.02	1.02
12.4	0.00188554	4.55677e-05	605.727	1050	105	68.5253	43.2202	43.2202	172.881	172.881	0 6979.4 5731.65 	12711	0.00193111	1.33307e-05	703.776	1050	703.776	0 1.72989e+06 2.40381e+06 	4.13371e+06	7.74927	6.5039	12399	666.612	0.393288	0	1.02	1.02
12.6	0.00187946	4.54328e-05	601.985	1050	105	65.5593	43.1426	43.1426	172.57	172.57	0 6491.91 5293.9 	11785.8	0.00192489	1.32376e-05	696.599	1050	696.599	0 1.73811e+06 2.43996e+06 	4.17807e+06	7.82478	6.5039	12399	666.612	0.39486	0	1.02	1.02
12.8	0.00187335	4.53342e-05	598.735	1050	105	63.0823	43.0652	43.0652	172.261	172.261	0 6014.45 4851.39 	10865.8	0.00191868	1.31439e-05	689.427	1050	689.427	0 1.74643e+06 2.47609e+06 	4.22252e+06	7.9016	6.5039	12399	666.612	0.396313	0	1.02	1.02
13	0.00186722	4.52662e-05	595.894	1050	105	61.0137	42.988	42.988	171.952	171.952	0 5548.7 4406.12 	9954.83	0.00191249	1.30496e-05	682.26	1050	682.26	0 1.75488e+06 2.51218e+06 	4.26707e+06	7.97964	6.5039	12399	666.612	0.397648	0	1.02	1.02
13.2	0.00186109	4.52237e-05	593.395	1050	105	59.2862	42.9109	42.9109	171.644	171.644	0 5095.56 3959.81 	9055.37	0.00190631	1.29546e-05	675.1	1050	675.1	0 1.76347e+06 2.54825e+06 	4.31172e+06	8.0588	6.5039	12399	666.612	0.398866	0	1.02	1.02
13.4	0.00185485	4.52051e-05	591.183	1050	105	57.8435	42.834	42.834	171.336	171.336	0 4806.84 3693.03 	8499.87	0.00190005	1.28598e-05	667.949	1050	667.949	0 1.77148e+06 2.58401e+06 	4.35549e+06	8.14042	6.5039	12399	666.612	0.400022	0	1.02	1.02
13.6	0.00184845	4.52084e-05	589.211	1050	105	56.6387	42.7572	42.7572	171.029	171.029	0 4754.73 3696.4 	8451.14	0.00189365	1.27655e-05	660.808	1050	660.808	0 1.77854e+06 2.61932e+06 	4.39786e+06	8.22526	6.5039	12399	666.612	0.401144	0	1.02	1.02
13.8	0.00184206	4.52266e-05	587.439	1050	105	55.6325	42.6806	42.6806	170.722	170.722	0 4708.7 3699.99 	8408.69	0.00188729	1.26705e-05	653.678	1050	653.678	0 1.78577e+06 2.6546e+06 	4.44037e+06	8.31113	6.5039	12399	666.612	0.402151	0	1.02	1.02
14	0.00183569	4.52572e-05	585.834	1050	105	54.7922	42.6041	42.6041	170.417	170.417	0 4667.93 3703.85 	8371.78	0.00188095	1.2575e-05	646.561	1050	646.561	0 1.7932e+06 2.68984e+06 	4.48304e+06	8.39793	6.5039	12399	666.612	0.403046	0	1.02	1.02
14.2	0.00182935	4.52981e-05	584.369	1050	105	54.0905	42.5278	42.5278	170.111	170.111	0 4631.66 3708.04 	8339.71	0.00187465	1.24788e-05	639.459	1050	639.459	0 1.80083e+06 2.72504e+06 	4.52587e+06	8.48557	6.5039	12399	666.612	0.403827	0	1.02	1.02
14.4	0.00182304	4.53475e-05	583.021	1050	105	53.5045	42.4517	42.4517	169.807	169.807	0 4599.13 3712.41 	8311.53	0.00186839	1.23821e-05	632.372	1050	632.372	0 1.80869e+06 2.76019e+06 	4.56888e+06	8.57397	6.5039	12399	666.612	0.404497	0	1.02	1.02
14.6	0.00181677	4.54039e-05	581.772	1050	105	53.0151	42.3757	42.3757	169.503	169.503	0 4569.83 3717.02 	8286.85	0.00186217	1.22846e-05	625.301	1050	625.301	0 1.81679e+06 2.79529e+06 	4.61208e+06	8.66303	6.5039	12399	666.612	0.405057	0	1.02	1.02
14.8	0.00181055	4.54658e-05	580.604	1050	105	52.6064	42.2998	42.2998	169.199	169.199	0 4543.28 3721.83 	8265.1	0.00185601	1.21866e-05	618.249	1050	618.249	0 1.82515e+06 2.83034e+06 	4.65549e+06	8.75267	6.5039	12399	666.612	0.405507	0	1.02	1.02
15	0.00180438	4.55322e-05	579.506	1050	105	52.2651	42.2241	42.2241	168.896	168.896	0 4519.04 3726.76 	8245.8	0.00184991	1.20879e-05	611.217	1050	611.217	0 1.83379e+06 2.86533e+06 	4.69912e+06	8.84276	6.5039	12399	666.612	0.405848	0	1.02	1.02
15.2	0.00179827	4.56021e-05	578.466	1050	105	51.98	42.1486	42.1486	168.594	168.594	0 4496.82 3731.84 	8228.65	0.00184387	1.19886e-05	604.205	1050	604.205	0 1.84272e+06 2.90027e+06 	4.74298e+06	8.93322	6.5039	12399	666.612	0.406082	0	1.02	1.02
15.4	0.00179222	4.56746e-05	577.473	1050	105	51.742	42.0732	42.0732	168.293	168.293	0 4476.36 3737.04 	8213.4	0.0018379	1.18886e-05	597.216	1050	597.216	0 1.85196e+06 2.93514e+06 	4.7871e+06	9.02393	6.5039	12399	666.612	0.406209	0	1.02	1.02
15.6	0.00178625	4.5749e-05	576.522	1050	105	51.5432	41.9979	41.9979	167.992	167.992	0 4457.39 3742.26 	8199.64	0.001832	1.1788e-05	590.25	1050	590.25	0 1.86153e+06 2.96995e+06 	4.83148e+06	9.11477	6.5039	12399	666.612	0.406232	0	1.02	1.02
15.8	0.00178035	4.58246e-05	575.605	1050	105	51.3772	41.9228	41.9228	167.691	167.691	0 4439.71 3747.46 	8187.17	0.00182618	1.16867e-05	583.309	1050	583.309	0 1.87145e+06 3.00469e+06 	4.87614e+06	9.2056	6.5039	12399	666.612	0.406151	0	1.02	1.02
16	0.00177454	4.59008e-05	574.717	1050	105	51.2385	41.8478	41.8478	167.391	167.391	0 4423.18 3752.6 	8175.77	0.00182044	1.15847e-05	576.394	1050	576.394	0 1.88174e+06 3.03935e+06 	4.9211e+06	9.2963	6.5039	12399	666.612	0.405967	0	1.02	1.02
16.2	0.00176883	4.5977e-05	573.853	1050	105	51.1227	41.773	41.773	167.092	167.092	0 4407.67 3757.65 	8165.32	0.0018148	1.14821e-05	569.506	1050	569.506	0 1.89243e+06 3.07395e+06 	4.96637e+06	9.38671	6.5039	12399	666.612	0.405682	0	1.02	1.02
16.4	0.00176321	4.60528e-05	573.01	1050	105	51.026	41.6984	41.6984	166.794	166.794	0 4393.14 3762.62 	8155.76	0.00180927	1.13787e-05	562.647	1050	562.647	0 1.90353e+06 3.10846e+06 	5.01199e+06	9.47668	6.5039	12399	666.612	0.405298	0	1.02	1.02
16.6	0.00175771	4.61277e-05	572.184	1050	105	50.9453	41.6239	41.6239	166.496	166.496	0 4379.55 3767.54 	8147.09	0.00180383	1.12747e-05	555.817	1050	555.817	0 1.91507e+06 3.1429e+06 	5.05797e+06	9.56602	6.5039	12399	666.612	0.404816	0	1.02	1.02
16.8	0.00175232	4.62012e-05	571.373	1050	105	50.8779	41.5495	41.5495	166.198	166.198	0 4366.89 3772.42 	8139.31	0.00179852	1.11699e-05	549.019	1050	549.019	0 1.92707e+06 3.17726e+06 	5.10432e+06	9.65456	6.5039	12399	666.612	0.404238	0	1.02	1.02
17	0.00174705	4.62729e-05	570.575	1050	105	50.8215	41.4753	41.4753	165.901	165.901	0 4355.16 3777.27 	8132.43	0.00179332	1.10644e-05	542.252	1050	542.252	0 1.93957e+06 3.21153e+06 	5.15109e+06	9.7421	6.5039	12399	666.612	0.403565	0	1.02	1.02
17.2	0.00174192	4.63424e-05	569.787	1050	105	50.7745	41.4013	41.4013	165.605	165.605	0 4344.38 3782.13 	8126.52	0.00178826	1.09582e-05	535.518	1050	535.518	0 1.95259e+06 3.24571e+06 	5.1983e+06	9.82843	6.5039	12399	666.612	0.402799	0	1.02	1.02
17.4	0.00173694	4.64093e-05	569.009	1050	105	50.7352	41.3274	41.3274	165.309	165.309	0 4334.57 3787 	8121.57	0.00178335	1.08511e-05	528.818	1050	528.818	0 1.96616e+06 3.27981e+06 	5.24597e+06	9.9133	6.5039	12399	666.612	0.401942	0	1.02	1.02
17.6	0.00173211	4.64732e-05	568.239	1050	105	50.7024	41.2536	41.2536	165.014	165.014	0 4325.74 3791.88 	8117.63	0.00177858	1.07433e-05	522.154	1050	522.154	0 1.98033e+06 3.31382e+06 	5.29414e+06	9.99647	6.5039	12399	666.612	0.400996	0	1.02	1.02
17.8	0.00172744	4.65336e-05	567.475	1050	105	50.675	41.18	41.18	164.72	164.72	0 4317.95 3796.79 	8114.74	0.00177397	1.06347e-05	515.525	1050	515.525	0 1.99512e+06 3.34774e+06 	5.34286e+06	10.0777	6.5039	12399	666.612	0.399963	0	1.02	1.02
18	0.00172295	4.65901e-05	566.717	1050	105	50.6521	41.1065	41.1065	164.426	164.426	0 4311.26 3801.74 	8113	0.00176954	1.05253e-05	508.934	1050	508.934	0 2.01059e+06 3.38156e+06 	5.39215e+06	10.1566	6.5039	12399	666.612	0.398845	0	1.02	1.02
18.2	0.00171866	4.66423e-05	565.965	1050	105	50.633	41.0332	41.0332	164.133	164.133	0 4305.71 3806.76 	8112.47	0.0017653	1.0415e-05	502.382	1050	502.382	0 2.02677e+06 3.4153e+06 	5.44207e+06	10.233	6.5039	12399	666.612	0.397644	0	1.02	1.02
18.4	0.00171457	4.66897e-05	565.217	1050	105	50.6171	40.96	40.96	163.84	163.84	0 4301.37 3811.83 	8113.2	0.00176126	1.03038e-05	495.868	1050	495.868	0 2.04371e+06 3.44895e+06 	5.49266e+06	10.3064	6.5039	12399	666.612	0.396362	0	1.02	1.02
18.6	0.00171069	4.67319e-05	564.474	1050	105	50.6038	40.887	40.887	163.548	163.548	0 4298.33 3816.98 	8115.31	0.00175743	1.01918e-05	489.395	1050	489.395	0 2.06147e+06 3.48251e+06 	5.54398e+06	10.3766	6.5039	12399	666.612	0.395001	0	1.02	1.02
18.8	0.00170706	4.67682e-05	563.734	1050	105	50.5926	40.8141	40.8141	163.257	163.257	0 4296.68 3822.22 	8118.9	0.00175383	1.00787e-05	482.963	1050	482.963	0 2.08011e+06 3.51599e+06 	5.5961e+06	10.443	6.5039	12399	666.612	0.393564	0	1.02	1.02
19	0.00170367	4.67982e-05	562.997	1050	105	50.5833	40.7414	40.7414	162.966	162.966	0 4296.5 3827.56 	8124.06	0.00175047	9.96469e-06	476.573	1050	476.573	0 2.09969e+06 3.54938e+06 	5.64907e+06	10.5054	6.5039	12399	666.612	0.392052	0	1.02	1.02
19.2	0.00170056	4.68212e-05	562.264	1050	105	50.5756	40.6688	40.6688	162.675	162.675	0 4297.94 3833.03 	8130.96	0.00174738	9.84962e-06	470.226	1050	470.226	0 2.12029e+06 3.58269e+06 	5.70297e+06	10.5631	6.5039	12399	666.612	0.390469	0	1.02	1.02
19.4	0.00169775	4.68367e-05	561.533	1050	105	50.5691	40.5964	40.5964	162.385	162.385	0 4301.09 3838.61 	8139.7	0.00174458	9.73347e-06	463.922	1050	463.922	0 2.14198e+06 3.61592e+06 	5.75789e+06	10.6158	6.5039	12399	666.612	0.388816	0	1.02	1.02
19.6	0.00169524	4.68439e-05	560.804	1050	105	50.5637	40.5241	40.5241	162.096	162.096	0 4306.12 3844.36 	8150.48	0.00174209	9.61618e-06	457.663	1050	457.663	0 2.16485e+06 3.64907e+06 	5.81392e+06	10.6629	6.5039	12399	666.612	0.387097	0	1.02	1.02
19.8	0.00169308	4.68422e-05	560.078	1050	105	50.5592	40.4519	40.4519	161.808	161.808	0 4313.18 3850.28 	8163.46	0.00173993	9.49769e-06	451.449	1050	451.449	0 2.189e+06 3.68216e+06 	5.87116e+06	10.7037	6.5039	12399	666.612	0.385313	0	1.02	1.02
20	0.00169129	4.68306e-05	559.354	1050	105	50.5554	40.3799	40.3799	161.52	161.52	0 4322.46 3856.38 	8178.84	0.00173813	9.37794e-06	445.281	1050	445.281	0 2.21455e+06 3.71518e+06 	5.92973e+06	10.7377	6.5039	12399	666.612	0.383467	0	1.02	1.02
20.2	0.00168991	4.68084e-05	558.632	1050	105	50.5522	40.308	40.308	161.232	161.232	0 4334.17 3862.72 	8196.89	0.00173671	9.25683e-06	439.16	1050	439.16	0 2.24161e+06 3.74815e+06 	5.98977e+06	10.7642	6.5039	12399	666.612	0.381562	0	1.02	1.02
20.4	0.00168895	4.67745e-05	557.913	1050	105	50.5496	40.2363	40.2363	160.945	160.945	0 4348.56 3869.31 	8217.88	0.00173573	9.1343e-06	433.086	1050	433.086	0 2.27033e+06 3.78107e+06 	6.05141e+06	10.7824	6.5039	12399	666.612	0.379601	0	1.02	1.02
20.6	0.00168848	4.6728e-05	557.195	1050	105	50.5474	40.1647	40.1647	160.659	160.659	0 4365.9 3876.2 	8242.11	0.0017352	9.01025e-06	427.061	1050	427.061	0 2.30087e+06 3.81396e+06 	6.11483e+06	10.7916	6.5039	12399	666.612	0.377586	0	1.02	1.02
20.8	0.00168852	4.66676e-05	556.478	1050	105	50.5456	40.0933	40.0933	160.373	160.373	0 4386.52 3883.43 	8269.94	0.00173518	8.88456e-06	421.083	1050	421.083	0 2.33339e+06 3.84682e+06 	6.18021e+06	10.7908	6.5039	12399	666.612	0.37552	0	1.02	1.02
21	0.00168913	4.65922e-05	555.764	1050	105	50.544	40.022	40.022	160.088	160.088	0 4410.76 3891.04 	8301.81	0.00173572	8.75712e-06	415.156	1050	415.156	0 2.36812e+06 3.87966e+06 	6.24778e+06	10.7791	6.5039	12399	666.612	0.373407	0	1.02	1.02
21.2	0.00169036	4.65002e-05	555.051	1050	105	50.5428	39.9508	39.9508	159.803	159.803	0 4439.08 3899.11 	8338.19	0.00173686	8.62779e-06	409.277	1050	409.277	0 2.40529e+06 3.91251e+06 	6.31779e+06	10.7556	6.5039	12399	666.612	0.37125	0	1.02	1.02
21.4	0.00169228	4.63901e-05	554.34	1050	105	50.5417	39.8798	39.8798	159.519	159.519	0 4471.99 3907.72 	8379.71	0.00173867	8.49642e-06	403.45	1050	403.45	0 2.44516e+06 3.94537e+06 	6.39053e+06	10.719	6.5039	12399	666.612	0.369051	0	1.02	1.02
21.6	0.00169496	4.62601e-05	553.63	1050	105	50.5408	39.809	39.809	159.236	159.236	0 4510.07 3916.95 	8427.02	0.00174122	8.36283e-06	397.673	1050	397.673	0 2.48805e+06 3.97828e+06 	6.46633e+06	10.6682	6.5039	12399	666.612	0.366815	0	1.02	1.02
21.8	0.00169849	4.61082e-05	552.922	1050	105	50.5401	39.7382	39.7382	158.953	158.953	0 4554.04 3926.91 	8480.94	0.0017446	8.22682e-06	391.947	1050	391.947	0 2.53435e+06 4.01124e+06 	6.54559e+06	10.6018	6.5039	12399	666.612	0.364544	0	1.02	1.02
22	0.00170297	4.59322e-05	552.216	1050	105	50.5394	39.6676	39.6676	158.671	158.671	0 4604.75 3937.74 	8542.5	0.0017489	8.08816e-06	386.273	1050	386.273	0 2.58447e+06 4.04429e+06 	6.62876e+06	10.5183	6.5039	12399	666.612	0.362242	0	1.02	1.02
22.2	0.00170851	4.57294e-05	551.511	1050	105	50.5389	39.5972	39.5972	158.389	158.389	0 4663.27 3949.63 	8612.9	0.00175424	7.94657e-06	380.652	1050	380.652	0 2.63895e+06 4.07746e+06 	6.71641e+06	10.4163	6.5039	12399	666.612	0.359914	0	1.02	1.02
22.4	0.00171526	4.5497e-05	550.807	1050	105	50.5385	39.5269	39.5269	158.108	158.108	0 4730.85 3962.77 	8693.62	0.00176075	7.80174e-06	375.083	1050	375.083	0 2.6984e+06 4.11078e+06 	6.80917e+06	10.294	6.5039	12399	666.612	0.357563	0	1.02	1.02
22.6	0.00172336	4.52314e-05	550.105	1050	105	50.5381	39.4567	39.4567	157.827	157.827	0 4809.08 3977.44 	8786.52	0.0017686	7.65331e-06	369.567	1050	369.567	0 2.76357e+06 4.14429e+06 	6.90786e+06	10.1494	6.5039	12399	666.612	0.355195	0	1.02	1.02
22.8	0.00173304	4.49288e-05	549.405	1050	105	50.5378	39.3867	39.3867	157.547	157.547	0 4899.96 3994.01 	8893.97	0.00177797	7.50085e-06	364.104	1050	364.104	0 2.83538e+06 4.17805e+06 	7.01342e+06	9.98037	6.5039	12399	666.612	0.352814	0	1.02	1.02
23	0.00174452	4.45844e-05	548.706	1050	105	50.5376	39.3168	39.3168	157.267	157.267	0 5006.03 4012.91 	9018.94	0.0017891	7.34384e-06	358.695	1050	358.695	0 2.91497e+06 4.2121e+06 	7.12707e+06	9.78461	6.5039	12399	666.612	0.350425	0	1.02	1.02
23.2	0.00175811	4.41927e-05	548.008	1050	105	50.5373	39.2471	39.2471	156.988	156.988	0 5130.58 4034.74 	9165.32	0.0018023	7.18165e-06	353.339	1050	353.339	0 3.00377e+06 4.24651e+06 	7.25028e+06	9.55946	6.5039	12399	666.612	0.348036	0	1.02	1.02
23.4	0.00177418	4.3747e-05	547.312	1050	105	50.5372	39.1775	39.1775	156.71	156.71	0 5277.97 4060.33 	9338.31	0.00181793	7.01353e-06	348.038	1050	348.038	0 3.1036e+06 4.28138e+06 	7.38497e+06	9.30198	6.5039	12399	666.612	0.345653	0	1.02	1.02
23.6	0.00179322	4.32392e-05	546.617	1050	105	50.537	39.108	39.108	156.432	156.432	0 5454.39 4091.14 	9545.53	0.00183646	6.83856e-06	342.791	1050	342.791	0 3.2168e+06 4.31679e+06 	7.53359e+06	9.00884	6.5039	12399	666.612	0.343284	0	1.02	1.02
23.8	0.00181583	4.26597e-05	545.924	1050	105	50.5369	39.0387	39.0387	156.155	156.155	0 5670.44 4131.72 	9802.16	0.00185849	6.6556e-06	337.599	1050	337.599	0 3.34645e+06 4.35286e+06 	7.6993e+06	8.67644	6.5039	12399	666.612	0.340941	0	1.02	1.02
24	0.00184281	4.19965e-05	545.232	1050	105	50.5368	38.9695	38.9695	155.878	155.878	0 5944.37 4192.3 	10136.7	0.00188481	6.46331e-06	332.462	1050	332.462	0 3.49656e+06 4.38971e+06 	7.88627e+06	8.30098	6.5039	12399	666.612	0.338636	0	1.02	1.02
24.2	0.00187097	4.13263e-05	544.541	1050	105	50.5367	38.9004	38.9004	155.602	155.602	0 6965.41 5114.21 	12079.6	0.0019123	6.27346e-06	327.379	1050	327.379	0 3.65194e+06 4.42504e+06 	8.07698e+06	7.93172	6.5039	12399	666.612	0.336608	0	1.02	1.02
24.4	0.00189859	4.06868e-05	543.852	1050	105	50.5366	38.8315	38.8315	155.326	155.326	0 9003.27 7212.77 	16216	0.00193928	6.09159e-06	322.351	1050	322.351	0 3.80431e+06 4.45789e+06 	8.2622e+06	7.59055	6.5039	12399	666.612	0.334946	0	1.02	1.02
24.6	0.00193118	3.99649e-05	543.175	1050	105	50.5366	38.7639	38.7639	155.055	155.055	0 11314.1 9777.41 	21091.5	0.00197115	5.9011e-06	317.379	1050	317.379	0 3.98105e+06 4.49126e+06 	8.47231e+06	7.21272	6.5039	12399	666.612	0.333529	0	1.02	1.02
24.8	0.0019621	4.06723e-05	561.648	1050	105	69.4907	38.7157	38.7157	154.863	154.863	0 13743.3 11920.4 	25663.8	0.00200277	5.71834e-06	312.462	1050	312.462	0 4.15664e+06 4.52229e+06 	8.67893e+06	6.87714	6.5039	12399	666.612	0.33192	0	1.02	1.02
25	0.00198326	4.3818e-05	612.027	1050	105	120.048	38.6978	38.6978	154.791	154.791	0 15993.2 12620.4 	28613.6	0.00202708	5.56216e-06	307.6	1050	307.6	0 4.29503e+06 4.54803e+06 	8.84305e+06	6.65933	6.5039	12399	666.612	0.329603	0	1.02	1.02
25.2	0.00199725	4.84151e-05	681.729	1050	105	189.736	38.6994	38.6994	154.797	154.797	0 17954.5 12427.8 	30382.3	0.00204566	5.42574e-06	302.793	1050	302.793	0 4.40393e+06 4.56992e+06 	8.97385e+06	6.52039	6.5039	12399	666.612	0.326765	0	1.02	1.02
25.4	0.00200817	5.35239e-05	758.689	1050	105	266.547	38.7142	38.7142	154.857	154.857	0 19723.1 11994.8 	31717.9	0.00206169	5.2993e-06	298.041	1050	298.041	0 4.49938e+06 4.58974e+06 	9.08912e+06	6.41461	6.5039	12399	666.612	0.323686	0	1.02	1.02
25.6	0.002018	5.87835e-05	838.345	1050	105	345.946	38.7399	38.7399	154.959	154.959	0 21354.3 11554.7 	32909	0.00207678	5.1781e-06	293.345	1050	293.345	0 4.58969e+06 4.60829e+06 	9.19798e+06	6.3213	6.5039	12399	666.612	0.320499	0	1.02	1.02
25.8	0.00202775	6.40634e-05	919.174	1050	105	426.419	38.7755	38.7755	155.102	155.102	0 22876.9 11179.5 	34056.3	0.00209181	5.05975e-06	288.704	1050	288.704	0 4.67937e+06 4.62599e+06 	9.30536e+06	6.23058	6.5039	12399	666.612	0.317276	0	1.02	1.02
26	0.00203789	6.93666e-05	1001.44	1050	105	508.234	38.821	38.821	155.284	155.284	0 24286.5 10875.2 	35161.6	0.00210725	4.94307e-06	284.118	1050	284.118	0 4.77094e+06 4.64304e+06 	9.41397e+06	6.13804	6.5039	12399	666.612	0.314056	0	1.02	1.02
26.2	0.00204477	7.56965e-05	1098.13	1050	105	604.378	38.8749	38.8749	155.499	155.499	0 25159.7 10359.5 	35519.3	0.00212047	4.83409e-06	279.587	1050	279.587	0 4.85067e+06 4.65861e+06 	9.50927e+06	6.07626	6.5039	12399	666.612	0.310646	0	1.02	1.02
26.4	0.00204606	8.35464e-05	1215.04	1050	105	720.715	38.9326	38.9326	155.73	155.73	0 25357.2 9565.85 	34923.1	0.00212961	4.73642e-06	275.111	1050	275.111	0 4.9089e+06 4.67226e+06 	9.58116e+06	6.06476	6.5039	12399	666.612	0.306926	0	1.02	1.02
26.6	0.00204416	9.23117e-05	1344.11	1050	105	849.213	38.9898	38.9898	155.959	155.959	0 25215.8 8727.95 	33943.8	0.00213647	4.64545e-06	270.691	1050	270.691	0 4.95491e+06 4.68473e+06 	9.63964e+06	6.08171	6.5039	12399	666.612	0.303038	0	1.02	1.02
26.8	0.00204117	0.000101498	1479	1050	105	983.559	39.0445	39.0445	156.178	156.178	0 24971.3 7973.44 	32944.8	0.00214266	4.55742e-06	266.324	1050	266.324	0 4.99709e+06 4.69657e+06 	9.69365e+06	6.10851	6.5039	12399	666.612	0.299104	0	1.02	1.02
27	0.00203822	0.00011081	1616.01	1050	105	1120.05	39.0962	39.0962	156.385	156.385	0 24739.5 7336.95 	32076.5	0.00214903	4.47047e-06	262.013	1050	262.013	0 5.03984e+06 4.70803e+06 	9.74788e+06	6.13505	6.5039	12399	666.612	0.295184	0	1.02	1.02
27.2	0.0020357	0.000120116	1753.51	1050	105	1257.06	39.1451	39.1451	156.581	156.581	0 24557.4 6808.74 	31366.1	0.00215582	4.38408e-06	257.756	1050	257.756	0 5.08451e+06 4.71921e+06 	9.80372e+06	6.15782	6.5039	12399	666.612	0.291301	0	1.02	1.02
27.4	0.00203365	0.000129378	1891.04	1050	105	1394.13	39.1917	39.1917	156.767	156.767	0 24425.7 6367.69 	30793.4	0.00216303	4.29832e-06	253.553	1050	253.553	0 5.1311e+06 4.73009e+06 	9.86118e+06	6.17647	6.5039	12399	666.612	0.287455	0	1.02	1.02
27.6	0.00203199	0.000138598	2028.66	1050	105	1531.29	39.2363	39.2363	156.945	156.945	0 24334.4 5994.23 	30328.6	0.00217059	4.21336e-06	249.404	1050	249.404	0 5.17922e+06 4.74065e+06 	9.91988e+06	6.19163	6.5039	12399	666.612	0.283644	0	1.02	1.02
27.8	0.00203063	0.00014779	2166.53	1050	105	1668.74	39.2793	39.2793	157.117	157.117	0 24272.4 5673.23 	29945.7	0.00217842	4.12937e-06	245.309	1050	245.309	0 5.22852e+06 4.75089e+06 	9.97941e+06	6.20408	6.5039	12399	666.612	0.279864	0	1.02	1.02
28	0.0020295	0.000156967	2304.85	1050	105	1806.64	39.3209	39.3209	157.284	157.284	0 24230.9 5393.56 	29624.5	0.00218646	4.04649e-06	241.268	1050	241.268	0 5.27871e+06 4.76079e+06 	1.00395e+07	6.21448	6.5039	12399	666.612	0.276113	0	1.02	1.02
28.2	0.00202854	0.000166141	2443.76	1050	105	1945.14	39.3614	39.3614	157.446	157.446	0 24203.4 5147.09 	29350.5	0.00219468	3.96479e-06	237.279	1050	237.279	0 5.32957e+06 4.77035e+06 	1.00999e+07	6.22329	6.5039	12399	666.612	0.27239	0	1.02	1.02
28.4	0.00202772	0.000175319	2583.35	1050	105	2084.34	39.401	39.401	157.604	157.604	0 24185.4 4927.78 	29113.1	0.00220304	3.88433e-06	233.344	1050	233.344	0 5.38097e+06 4.77958e+06 	1.01605e+07	6.23087	6.5039	12399	666.612	0.268694	0	1.02	1.02
28.6	0.002027	0.000184505	2723.69	1050	105	2224.3	39.4397	39.4397	157.759	157.759	0 24173.8 4731.07 	28904.8	0.00221151	3.80516e-06	229.462	1050	229.462	0 5.43278e+06 4.78847e+06 	1.02212e+07	6.23746	6.5039	12399	666.612	0.265026	0	1.02	1.02
28.8	0.00202637	0.000193701	2864.8	1050	105	2365.02	39.4776	39.4776	157.91	157.91	0 24166.5 4553.4 	28719.9	0.00222007	3.72729e-06	225.632	1050	225.632	0 5.48493e+06 4.79704e+06 	1.0282e+07	6.24327	6.5039	12399	666.612	0.261385	0	1.02	1.02
29	0.00202582	0.000202908	3006.68	1050	105	2506.53	39.5149	39.5149	158.06	158.06	0 24162.1 4392.01 	28554.1	0.00222872	3.65073e-06	221.854	1050	221.854	0 5.53735e+06 4.80529e+06 	1.03426e+07	6.24841	6.5039	12399	666.612	0.257773	0	1.02	1.02
29.2	0.00202532	0.000212123	3149.32	1050	105	2648.8	39.5515	39.5515	158.206	158.206	0 24159.7 4244.63 	28404.3	0.00223744	3.5755e-06	218.129	1050	218.129	0 5.59e+06 4.81323e+06 	1.04032e+07	6.25301	6.5039	12399	666.612	0.25419	0	1.02	1.02
29.4	0.00202487	0.000221347	3292.69	1050	105	2791.81	39.5876	39.5876	158.351	158.351	0 24158.4 4109.45 	28267.9	0.00224622	3.50161e-06	214.454	1050	214.454	0 5.64284e+06 4.82087e+06 	1.04637e+07	6.25714	6.5039	12399	666.612	0.250637	0	1.02	1.02
29.6	0.00202447	0.000230577	3436.75	1050	105	2935.52	39.6232	39.6232	158.493	158.493	0 24157.9 3984.96 	28142.9	0.00225505	3.42904e-06	210.831	1050	210.831	0 5.69581e+06 4.82822e+06 	1.0524e+07	6.26086	6.5039	12399	666.612	0.247114	0	1.02	1.02
29.8	0.00202411	0.00023981	3581.47	1050	105	3079.89	39.6584	39.6584	158.633	158.633	0 24157.8 3869.88 	28027.7	0.00226392	3.35779e-06	207.259	1050	207.259	0 5.7489e+06 4.83528e+06 	1.05842e+07	6.26424	6.5039	12399	666.612	0.243622	0	1.02	1.02
30	0.00202378	0.000249043	3726.81	1050	105	3224.87	39.6931	39.6931	158.772	158.772	0 24157.9 3763.16 	27921.1	0.00227282	3.28786e-06	203.737	1050	203.737	0 5.80208e+06 4.84207e+06 	1.06441e+07	6.2673	6.5039	12399	666.612	0.240163	0	1.02	1.02
30.2	0.00202348	0.000258274	3872.7	1050	105	3370.43	39.7274	39.7274	158.91	158.91	0 24158 3663.88 	27821.9	0.00228175	3.21925e-06	200.265	1050	200.265	0 5.85531e+06 4.8486e+06 	1.07039e+07	6.2701	6.5039	12399	666.612	0.236735	0	1.02	1.02
30.4	0.0020232	0.0002675	4019.12	1050	105	3516.5	39.7614	39.7614	159.045	159.045	0 24157.9 3571.28 	27729.2	0.0022907	3.15193e-06	196.843	1050	196.843	0 5.90858e+06 4.85486e+06 	1.07634e+07	6.27266	6.5039	12399	666.612	0.233342	0	1.02	1.02
30.6	0.00202295	0.000276716	4165.99	1050	105	3663.04	39.795	39.795	159.18	159.18	0 24157.6 3484.69 	27642.3	0.00229967	3.0859e-06	193.47	1050	193.47	0 5.96187e+06 4.86088e+06 	1.08227e+07	6.275	6.5039	12399	666.612	0.229982	0	1.02	1.02
30.8	0.00202272	0.000285921	4313.28	1050	105	3810	39.8283	39.8283	159.313	159.313	0 24157.1 3403.51 	27560.6	0.00230864	3.02115e-06	190.147	1050	190.147	0 6.01515e+06 4.86666e+06 	1.08818e+07	6.27715	6.5039	12399	666.612	0.226656	0	1.02	1.02
31	0.00202251	0.000295112	4460.93	1050	105	3957.32	39.8613	39.8613	159.445	159.445	0 24156.3 3327.25 	27483.5	0.00231762	2.95765e-06	186.871	1050	186.871	0 6.06841e+06 4.8722e+06 	1.09406e+07	6.27912	6.5039	12399	666.612	0.223365	0	1.02	1.02
31.2	0.00202231	0.000304284	4608.89	1050	105	4104.95	39.8941	39.8941	159.576	159.576	0 24155.2 3255.45 	27410.6	0.0023266	2.89541e-06	183.644	1050	183.644	0 6.12163e+06 4.87753e+06 	1.09992e+07	6.28093	6.5039	12399	666.612	0.22011	0	1.02	1.02
31.4	0.00202214	0.000313436	4757.11	1050	105	4252.84	39.9266	39.9266	159.706	159.706	0 24153.7 3187.73 	27341.4	0.00233557	2.83439e-06	180.465	1050	180.465	0 6.1748e+06 4.88263e+06 	1.10574e+07	6.2826	6.5039	12399	666.612	0.216891	0	1.02	1.02
31.6	0.00202197	0.000322563	4905.52	1050	105	4400.94	39.9588	39.9588	159.835	159.835	0 24151.9 3123.74 	27275.7	0.00234453	2.77459e-06	177.332	1050	177.332	0 6.22789e+06 4.88753e+06 	1.11154e+07	6.28414	6.5039	12399	666.612	0.213708	0	1.02	1.02
31.8	0.00202182	0.000331665	5054.1	1050	105	4549.19	39.9908	39.9908	159.963	159.963	0 24149.8 3063.17 	27213	0.00235348	2.71599e-06	174.247	1050	174.247	0 6.2809e+06 4.89223e+06 	1.11731e+07	6.28556	6.5039	12399	666.612	0.210561	0	1.02	1.02
32	0.00202168	0.000340737	5202.77	1050	105	4697.55	40.0226	40.0226	160.091	160.091	0 24147.4 3005.75 	27153.1	0.00236241	2.65857e-06	171.208	1050	171.208	0 6.33381e+06 4.89674e+06 	1.12306e+07	6.28687	6.5039	12399	666.612	0.207452	0	1.02	1.02
32.2	0.00202155	0.000349776	5351.5	1050	105	4845.96	40.0543	40.0543	160.217	160.217	0 24144.7 2951.23 	27095.9	0.00237132	2.60231e-06	168.215	1050	168.215	0 6.3866e+06 4.90107e+06 	1.12877e+07	6.28808	6.5039	12399	666.612	0.20438	0	1.02	1.02
32.4	0.00202143	0.000358782	5500.24	1050	105	4994.38	40.0857	40.0857	160.343	160.343	0 24141.6 2899.4 	27041	0.00238021	2.5472e-06	165.267	1050	165.267	0 6.43927e+06 4.90521e+06 	1.13445e+07	6.28919	6.5039	12399	666.612	0.201345	0	1.02	1.02
32.6	0.00202132	0.00036775	5648.93	1050	105	5142.76	40.1169	40.1169	160.468	160.468	0 24138.3 2850.04 	26988.3	0.00238907	2.49322e-06	162.365	1050	162.365	0 6.49179e+06 4.90919e+06 	1.1401e+07	6.29021	6.5039	12399	666.612	0.198347	0	1.02	1.02
32.8	0.00202122	0.000376678	5797.53	1050	105	5291.05	40.148	40.148	160.592	160.592	0 24134.7 2802.99 	26937.7	0.0023979	2.44035e-06	159.507	1050	159.507	0 6.54417e+06 4.913e+06 	1.14572e+07	6.29116	6.5039	12399	666.612	0.195388	0	1.02	1.02
33	0.00202113	0.000385565	5945.99	1050	105	5439.2	40.1789	40.1789	160.715	160.715	0 24130.8 2758.08 	26888.9	0.00240669	2.38857e-06	156.693	1050	156.693	0 6.59638e+06 4.91665e+06 	1.1513e+07	6.29203	6.5039	12399	666.612	0.192466	0	1.02	1.02
33.2	0.00202104	0.000394408	6094.27	1050	105	5587.18	40.2096	40.2096	160.838	160.838	0 24126.7 2715.17 	26841.9	0.00241545	2.33786e-06	153.923	1050	153.923	0 6.64841e+06 4.92015e+06 	1.15686e+07	6.29282	6.5039	12399	666.612	0.189582	0	1.02	1.02
33.4	0.00202096	0.000403205	6242.33	1050	105	5734.93	40.2402	40.2402	160.961	160.961	0 24122.4 2674.13 	26796.5	0.00242417	2.28821e-06	151.196	1050	151.196	0 6.70026e+06 4.92351e+06 	1.16238e+07	6.29356	6.5039	12399	666.612	0.186736	0	1.02	1.02
33.6	0.00202089	0.000411954	6390.12	1050	105	5882.41	40.2707	40.2707	161.083	161.083	0 24117.8 2634.82 	26752.6	0.00243284	2.23959e-06	148.511	1050	148.511	0 6.75192e+06 4.92672e+06 	1.16786e+07	6.29423	6.5039	12399	666.612	0.183928	0	1.02	1.02
33.8	0.00202082	0.000420652	6537.6	1050	105	6029.59	40.301	40.301	161.204	161.204	0 24113 2597.14 	26710.1	0.00244148	2.192e-06	145.869	1050	145.869	0 6.80337e+06 4.9298e+06 	1.17332e+07	6.29485	6.5039	12399	666.612	0.181158	0	1.02	1.02
34	0.00202076	0.000429299	6684.73	1050	105	6176.42	40.3312	40.3312	161.325	161.325	0 24108 2561 	26669	0.00245006	2.1454e-06	143.269	1050	143.269	0 6.8546e+06 4.93276e+06 	1.17874e+07	6.29541	6.5039	12399	666.612	0.178426	0	1.02	1.02
34.2	0.00202071	0.000437892	6831.47	1050	105	6322.86	40.3613	40.3613	161.445	161.445	0 24102.8 2526.29 	26629.1	0.0024586	2.09979e-06	140.71	1050	140.71	0 6.90561e+06 4.93559e+06 	1.18412e+07	6.29592	6.5039	12399	666.612	0.175732	0	1.02	1.02
34.4	0.00202066	0.000446429	6977.79	1050	105	6468.87	40.3913	40.3913	161.565	161.565	0 24097.5 2492.92 	26590.4	0.00246709	2.05514e-06	138.192	1050	138.192	0 6.95638e+06 4.9383e+06 	1.18947e+07	6.29638	6.5039	12399	666.612	0.173076	0	1.02	1.02
34.6	0.00202061	0.00045491	7123.63	1050	105	6614.42	40.4211	40.4211	161.685	161.685	0 24091.9 2460.83 	26552.8	0.00247552	2.01143e-06	135.714	1050	135.714	0 7.0069e+06 4.94089e+06 	1.19478e+07	6.29681	6.5039	12399	666.612	0.170457	0	1.02	1.02
34.8	0.00202057	0.000463332	7268.98	1050	105	6759.47	40.4509	40.4509	161.804	161.804	0 24086.3 2429.94 	26516.2	0.00248391	1.96865e-06	133.276	1050	133.276	0 7.05718e+06 4.94338e+06 	1.20006e+07	6.29718	6.5039	12399	666.612	0.167875	0	1.02	1.02
35	0.00205286	0.000429596	6785.85	1050	105	6276.56	40.4297	40.4297	161.719	161.719	0 27501.8 2791.79 	30293.6	0.00248246	1.93436e-06	130.877	1050	130.877	0 7.05074e+06 4.94534e+06 	1.19961e+07	6.00472	6.5039	12399	666.612	0.166356	0	1.02	1.02
35.2	0.00206404	0.000430415	6833.54	1050	105	6324.24	40.4298	40.4298	161.719	161.719	0 28179.8 2870.67 	31050.5	0.00249446	1.89037e-06	128.518	1050	128.518	0 7.12192e+06 4.94779e+06 	1.20697e+07	5.90763	6.5039	12399	666.612	0.164344	0	1.02	1.02
35.4	0.00203123	0.00047229	7459.3	1050	105	6949.44	40.4861	40.4861	161.944	161.944	0 25223 2466.63 	27689.7	0.00250352	1.84953e-06	126.197	1050	126.197	0 7.17622e+06 4.95003e+06 	1.21262e+07	6.1986	6.5039	12399	666.612	0.160662	0	1.02	1.02
35.6	0.00202491	0.000490544	7757.22	1050	105	7246.98	40.5233	40.5233	162.093	162.093	0 24477.8 2362.9 	26840.7	0.00251546	1.80746e-06	123.913	1050	123.913	0 7.2474e+06 4.95227e+06 	1.21997e+07	6.2568	6.5039	12399	666.612	0.158056	0	1.02	1.02
35.8	0.00202254	0.000502746	7963.21	1050	105	7452.65	40.556	40.556	162.224	162.224	0 24189.1 2308.65 	26497.8	0.00252528	1.76781e-06	121.668	1050	121.668	0 7.30644e+06 4.95434e+06 	1.22608e+07	6.27886	6.5039	12399	666.612	0.155599	0	1.02	1.02
36	0.00202152	0.000512488	8131.27	1050	105	7620.4	40.5869	40.5869	162.348	162.348	0 24069.3 2272.13 	26341.4	0.002534	1.72976e-06	119.459	1050	119.459	0 7.35913e+06 4.95629e+06 	1.23154e+07	6.28837	6.5039	12399	666.612	0.153211	0	1.02	1.02
36.2	0.00205416	0.000475081	7583.89	1050	105	7073.23	40.5659	40.5659	162.264	162.264	0 27348.8 2607.69 	29956.5	0.00252924	1.70151e-06	117.286	1050	117.286	0 7.33267e+06 4.9577e+06 	1.22904e+07	5.99332	6.5039	12399	666.612	0.15194	0	1.02	1.02
36.4	0.0020649	0.000475178	7621.15	1050	105	7110.49	40.5662	40.5662	162.265	162.265	0 27983.6 2679.85 	30663.4	0.00254008	1.66341e-06	115.15	1050	115.15	0 7.39774e+06 4.95958e+06 	1.23573e+07	5.90028	6.5039	12399	666.612	0.150131	0	1.02	1.02
36.6	0.00203133	0.00051981	8296.24	1050	105	7785.02	40.6226	40.6226	162.49	162.49	0 25104.3 2306.86 	27411.1	0.00255114	1.626e-06	113.05	1050	113.05	0 7.46435e+06 4.96138e+06 	1.24257e+07	6.19765	6.5039	12399	666.612	0.146615	0	1.02	1.02
36.8	0.002025	0.000538391	8603.9	1050	105	8092.31	40.6596	40.6596	162.638	162.638	0 24391.7 2214.52 	26606.2	0.00256339	1.58867e-06	110.984	1050	110.984	0 7.53821e+06 4.96313e+06 	1.25013e+07	6.25594	6.5039	12399	666.612	0.14422	0	1.02	1.02
37	0.00202262	0.000550441	8810.45	1050	105	8298.52	40.6921	40.6921	162.768	162.768	0 24116.4 2167.22 	26283.7	0.00257306	1.55375e-06	108.953	1050	108.953	0 7.59694e+06 4.96473e+06 	1.25617e+07	6.27807	6.5039	12399	666.612	0.141973	0	1.02	1.02
37.2	0.0020216	0.000559846	8975.32	1050	105	8463.09	40.7229	40.7229	162.891	162.891	0 24003.1 2136.01 	26139.1	0.00258144	1.52034e-06	106.956	1050	106.956	0 7.64813e+06 4.96623e+06 	1.26144e+07	6.28761	6.5039	12399	666.612	0.139793	0	1.02	1.02
37.4	0.00202113	0.000568081	9121.78	1050	105	8609.25	40.7528	40.7528	163.011	163.011	0 23956 2111.62 	26067.6	0.00258921	1.48797e-06	104.993	1050	104.993	0 7.69572e+06 4.96765e+06 	1.26634e+07	6.29201	6.5039	12399	666.612	0.137661	0	1.02	1.02
37.6	0.00205339	0.000526039	8487.89	1050	105	7975.57	40.7312	40.7312	162.925	162.925	0 27109.9 2418.76 	29528.7	0.00257943	1.46616e-06	103.063	1050	103.063	0 7.63833e+06 4.9686e+06 	1.26069e+07	6.00008	6.5039	12399	666.612	0.136616	0	1.02	1.02
37.8	0.00206436	0.0005245	8500.34	1050	105	7988.03	40.7309	40.7309	162.924	162.924	0 27761.1 2491.55 	30252.7	0.00258886	1.43394e-06	101.166	1050	101.166	0 7.69581e+06 4.96996e+06 	1.26658e+07	5.90488	6.5039	12399	666.612	0.13506	0	1.02	1.02
38	0.00203127	0.000571281	9219.87	1050	105	8707	40.7867	40.7867	163.147	163.147	0 25021.2 2156.4 	27177.6	0.00260255	1.40012e-06	99.3017	1050	99.3017	0 7.77897e+06 4.97136e+06 	1.27503e+07	6.19826	6.5039	12399	666.612	0.131784	0	1.02	1.02
38.2	0.00202499	0.000590187	9538.05	1050	105	9024.82	40.8233	40.8233	163.293	163.293	0 24337 2074.29 	26411.3	0.00261518	1.36765e-06	97.4688	1050	97.4688	0 7.85613e+06 4.97267e+06 	1.28288e+07	6.25606	6.5039	12399	666.612	0.129625	0	1.02	1.02
38.4	0.00202263	0.000602088	9745.45	1050	105	9231.9	40.8555	40.8555	163.422	163.422	0 24070.3 2033.01 	26103.3	0.00262472	1.3375e-06	95.6674	1050	95.6674	0 7.91484e+06 4.97387e+06 	1.28887e+07	6.27799	6.5039	12399	666.612	0.12761	0	1.02	1.02
38.6	0.00202162	0.000611145	9907.04	1050	105	9393.18	40.886	40.886	163.544	163.544	0 23958.9 2006.36 	25965.3	0.00263277	1.30874e-06	93.8969	1050	93.8969	0 7.96463e+06 4.97498e+06 	1.29396e+07	6.28739	6.5039	12399	666.612	0.125662	0	1.02	1.02
38.8	0.00205415	0.000565926	9213.1	1050	105	8699.45	40.8644	40.8644	163.458	163.458	0 27013.5 2297.52 	29311	0.00262008	1.29072e-06	92.1569	1050	92.1569	0 7.88844e+06 4.97566e+06 	1.28641e+07	5.99341	6.5039	12399	666.612	0.124844	0	1.02	1.02
