1	0.00199693	7.50814e-05	1064.02	1050	105	518.076	44.0946	44.0946	176.379	176.379	0 17729.8 9353.42 	27083.2	0.002074	1.85e-05	1050	1050	1050	0 891.1 443.92 	1335.02	6.5235	6.5039	666.612	666.612	0.00897707	0	1.02	1.02
2	0.00199655	7.52359e-05	1066.05	1050	105	520.22	44.083	44.083	176.332	176.332	0 17690 9318.67 	27008.6	0.002074	1.85e-05	1050	1050	1050	0 880.233 438.526 	1318.76	6.52728	6.5039	666.612	666.612	0.00896076	0	1.02	1.02
3	0.00199647	7.52425e-05	1066.11	1050	105	520.404	44.0703	44.0703	176.281	176.281	0 17687.8 9313.31 	27001.1	0.002074	1.85e-05	1050	1050	1050	0 873.724 435.295 	1309.02	6.52801	6.5039	666.612	666.612	0.00895608	0	1.02	1.02
4	0.00199646	7.52322e-05	1065.95	1050	105	520.376	44.0574	44.0574	176.23	176.23	0 17690.1 9312.41 	27002.5	0.002074	1.85e-05	1050	1050	1050	0 878.421 437.627 	1316.05	6.52815	6.5039	666.612	666.612	0.00895389	0	1.02	1.02
5	0.00199645	7.52234e-05	1065.82	1050	105	520.375	44.0446	44.0446	176.179	176.179	0 17692.1 9311.87 	27004	0.002074	1.85e-05	1050	1050	1050	0 888.842 442.799 	1331.64	6.52818	6.5039	666.612	666.612	0.0089523	0	1.02	1.02
6	0.00199645	7.5217e-05	1065.73	1050	105	520.409	44.032	44.032	176.128	176.128	0 17693.6 9311.19 	27004.8	0.002074	1.85e-05	1050	1050	1050	0 901.824 449.243 	1351.07	6.52819	6.5039	666.612	666.612	0.00895087	0	1.02	1.02
7	0.00199645	7.52119e-05	1065.66	1050	105	520.461	44.0195	44.0195	176.078	176.078	0 17694.8 9310.41 	27005.2	0.002074	1.85e-05	1050	1050	1050	0 915.901 456.228 	1372.13	6.5282	6.5039	666.612	666.612	0.0089495	0	1.02	1.02
8	0.00199645	7.52075e-05	1065.59	1050	105	520.521	44.007	44.007	176.028	176.028	0 17695.8 9309.59 	27005.4	0.002074	1.85e-05	1050	1050	1050	0 930.427 463.436 	1393.86	6.5282	6.5039	666.612	666.612	0.00894817	0	1.02	1.02
9	0.00199645	7.52034e-05	1065.53	1050	105	520.584	43.9948	43.9948	175.979	175.979	0 17696.8 9308.74 	27005.5	0.002074	1.85e-05	1050	1050	1050	0 945.122 470.727 	1415.85	6.52821	6.5039	666.612	666.612	0.00894686	0	1.02	1.02
10	0.00199645	7.51995e-05	1065.48	1050	105	520.649	43.9826	43.9826	175.93	175.93	0 17697.7 9307.89 	27005.6	0.002074	1.85e-05	1050	1050	1050	0 959.865 478.041 	1437.91	6.52821	6.5039	666.612	666.612	0.00894557	0	1.02	1.02
11	0.00199645	7.51957e-05	1065.42	1050	105	520.714	43.9705	43.9705	175.882	175.882	0 17698.6 9307.04 	27005.6	0.002074	1.85e-05	1050	1050	1050	0 974.604 485.353 	1459.96	6.52822	6.5039	666.612	666.612	0.00894429	0	1.02	1.02
12	0.00199645	7.51919e-05	1065.36	1050	105	520.779	43.9586	43.9586	175.834	175.834	0 17699.5 9306.2 	27005.7	0.002074	1.85e-05	1050	1050	1050	0 989.316 492.649 	1481.97	6.52822	6.5039	666.612	666.612	0.00894302	0	1.02	1.02
13	0.00199645	7.51882e-05	1065.31	1050	105	520.843	43.9468	43.9468	175.787	175.787	0 17700.4 9305.37 	27005.7	0.002074	1.85e-05	1050	1050	1050	0 1003.99 499.926 	1503.92	6.52822	6.5039	666.612	666.612	0.00894177	0	1.02	1.02
14	0.00199645	7.51845e-05	1065.26	1050	105	520.907	43.9351	43.9351	175.74	175.74	0 17701.2 9304.55 	27005.8	0.002074	1.85e-05	1050	1050	1050	0 1018.62 507.179 	1525.8	6.52823	6.5039	666.612	666.612	0.00894053	0	1.02	1.02
15	0.00199645	7.51809e-05	1065.21	1050	105	520.97	43.9235	43.9235	175.694	175.694	0 17702.1 9303.74 	27005.8	0.002074	1.85e-05	1050	1050	1050	0 1033.2 514.409 	1547.61	6.52823	6.5039	666.612	666.612	0.00893931	0	1.02	1.02
16	0.00199645	7.51773e-05	1065.15	1050	105	521.033	43.912	43.912	175.648	175.648	0 17702.9 9302.93 	27005.8	0.002074	1.85e-05	1050	1050	1050	0 1047.73 521.612 	1569.34	6.52824	6.5039	666.612	666.612	0.0089381	0	1.02	1.02
17	0.00199645	7.51737e-05	1065.1	1050	105	521.095	43.9007	43.9007	175.603	175.603	0 17703.7 9302.13 	27005.9	0.002074	1.85e-05	1050	1050	1050	0 1062.21 528.789 	1591	6.52824	6.5039	666.612	666.612	0.0089369	0	1.02	1.02
18	0.00199645	7.51702e-05	1065.05	1050	105	521.157	43.8894	43.8894	175.558	175.558	0 17704.6 9301.34 	27005.9	0.002074	1.85e-05	1050	1050	1050	0 1076.64 535.939 	1612.58	6.52824	6.5039	666.612	666.612	0.00893572	0	1.02	1.02
19	0.00199645	7.51667e-05	1065	1050	105	521.218	43.8783	43.8783	175.513	175.513	0 17705.4 9300.56 	27005.9	0.002074	1.85e-05	1050	1050	1050	0 1091.01 543.061 	1634.07	6.52825	6.5039	666.612	666.612	0.00893454	0	1.02	1.02
20	0.00199645	7.51633e-05	1064.95	1050	105	521.278	43.8672	43.8672	175.469	175.469	0 17706.2 9299.79 	27006	0.002074	1.85e-05	1050	1050	1050	0 1105.32 550.154 	1655.48	6.52825	6.5039	666.612	666.612	0.00893338	0	1.02	1.02
21	0.00199645	7.51599e-05	1064.9	1050	105	521.338	43.8563	43.8563	175.425	175.425	0 17707 9299.03 	27006	0.002074	1.85e-05	1050	1050	1050	0 1119.58 557.217 	1676.8	6.52825	6.5039	666.612	666.612	0.00893224	0	1.02	1.02
22	0.00199645	7.51566e-05	1064.85	1050	105	521.398	43.8455	43.8455	175.382	175.382	0 17707.8 9298.27 	27006	0.002074	1.85e-05	1050	1050	1050	0 1133.78 564.251 	1698.03	6.52826	6.5039	666.612	666.612	0.0089311	0	1.02	1.02
23	0.00199645	7.51532e-05	1064.8	1050	105	521.457	43.8348	43.8348	175.339	175.339	0 17708.6 9297.52 	27006.1	0.002074	1.85e-05	1050	1050	1050	0 1147.92 571.255 	1719.17	6.52826	6.5039	666.612	666.612	0.00892998	0	1.02	1.02
24	0.00199645	7.515e-05	1064.76	1050	105	521.516	43.8242	43.8242	175.297	175.297	0 17709.3 9296.78 	27006.1	0.002074	1.85e-05	1050	1050	1050	0 1162 578.227 	1740.22	6.52826	6.5039	666.612	666.612	0.00892887	0	1.02	1.02
25	0.00199645	7.51467e-05	1064.71	1050	105	521.574	43.8137	43.8137	175.255	175.255	0 17710.1 9296.05 	27006.1	0.002074	1.85e-05	1050	1050	1050	0 1176.01 585.168 	1761.18	6.52827	6.5039	666.612	666.612	0.00892777	0	1.02	1.02
26	0.00199645	7.51435e-05	1064.66	1050	105	521.631	43.8033	43.8033	175.213	175.213	0 17710.8 9295.32 	27006.2	0.002074	1.85e-05	1050	1050	1050	0 1189.97 592.077 	1782.04	6.52827	6.5039	666.612	666.612	0.00892668	0	1.02	1.02
27	0.00199644	7.51403e-05	1064.62	1050	105	521.688	43.793	43.793	175.172	175.172	0 17711.6 9294.6 	27006.2	0.002074	1.85e-05	1050	1050	1050	0 1203.86 598.954 	1802.81	6.52827	6.5039	666.612	666.612	0.00892561	0	1.02	1.02
