1	0.00199693	7.50814e-05	1064.02	1050	105	518.076	44.0946	44.0946	176.379	176.379	0 17729.8 9353.42 	27083.2	0.002074	0.000148	1050	1050	1050	0 1.72045e+06 786766 	2.50721e+06	6.5235	6.5039	666.612	666.612	0.00897707	0	1.02	1.02
2	0.00199655	7.52359e-05	1066.05	1050	105	520.22	44.083	44.083	176.332	176.332	0 17690 9318.67 	27008.6	0.002074	0.000148	1050	1050	1050	0 1.71818e+06 785823 	2.504e+06	6.52728	6.5039	666.612	666.612	0.00896076	0	1.02	1.02
3	0.0020085	8.31653e-05	1187.63	1050	105	641.605	44.1021	44.1021	176.408	176.408	0 19775.3 9072.28 	28847.6	0.00209166	0.000146832	1050	1050	1050	0 158403 78574.3 	236977	6.41145	6.5039	12399	666.612	0.166667	0	1.02	1.02
4	0.00200226	8.93167e-05	1273.5	1050	105	727.142	44.1359	44.1359	176.544	176.544	0 18850 8315.13 	27165.2	0.00209157	0.000146838	1050	1050	1050	0 157604 78181.1 	235785	6.47159	6.5039	12399	666.612	0.165715	0	1.02	1.02
5	0.00200051	9.10412e-05	1297.53	1050	105	751.04	44.1487	44.1487	176.595	176.595	0 18597.4 8118.77 	26716.2	0.00209155	0.00014684	1050	1050	1050	0 157390 78075.8 	235466	6.48857	6.5039	12399	666.612	0.165455	0	1.02	1.02
6	0.00200007	9.14694e-05	1303.49	1050	105	756.932	44.1558	44.1558	176.623	176.623	0 18537.3 8068.77 	26606	0.00209154	0.00014684	1050	1050	1050	0 157336 78049.3 	235385	6.4928	6.5039	12399	666.612	0.165386	0	1.02	1.02
7	0.00199997	9.15675e-05	1304.86	1050	105	758.242	44.1614	44.1614	176.646	176.646	0 18522.6 8054.98 	26577.6	0.00209154	0.00014684	1050	1050	1050	0 157324 78043.5 	235368	6.49377	6.5039	12399	666.612	0.165369	0	1.02	1.02
8	0.00199996	9.15811e-05	1305.04	1050	105	758.377	44.1667	44.1667	176.667	176.667	0 18518.1 8050.44 	26568.5	0.00209154	0.00014684	1050	1050	1050	0 157324 78043.5 	235368	6.4939	6.5039	12399	666.612	0.165365	0	1.02	1.02
9	0.00199997	9.15715e-05	1304.91	1050	105	758.191	44.172	44.172	176.688	176.688	0 18515.7 8048.45 	26564.2	0.00209154	0.00014684	1050	1050	1050	0 157328 78045.2 	235373	6.4938	6.5039	12399	666.612	0.165365	0	1.02	1.02
10	0.00199999	9.15551e-05	1304.68	1050	105	757.909	44.1774	44.1774	176.71	176.71	0 18513.9 8047.26 	26561.1	0.00209154	0.00014684	1050	1050	1050	0 157333 78047.5 	235380	6.49364	6.5039	12399	666.612	0.165366	0	1.02	1.02
11	0.00200001	9.15365e-05	1304.42	1050	105	757.595	44.1829	44.1829	176.732	176.732	0 18512.1 8046.36 	26558.4	0.00209154	0.00014684	1050	1050	1050	0 157338 78050 	235388	6.49345	6.5039	12399	666.612	0.165368	0	1.02	1.02
12	0.00200003	9.15172e-05	1304.16	1050	105	757.271	44.1885	44.1885	176.754	176.754	0 18510.3 8045.58 	26555.9	0.00209154	0.00014684	1050	1050	1050	0 157343 78052.6 	235396	6.49326	6.5039	12399	666.612	0.165371	0	1.02	1.02
13	0.00200005	9.14977e-05	1303.88	1050	105	756.943	44.1941	44.1941	176.777	176.777	0 18508.5 8044.86 	26553.4	0.00209155	0.00014684	1050	1050	1050	0 157348 78055.2 	235404	6.49306	6.5039	12399	666.612	0.165373	0	1.02	1.02
14	0.00200007	9.14784e-05	1303.62	1050	105	756.616	44.1999	44.1999	176.8	176.8	0 18506.7 8044.17 	26550.9	0.00209155	0.00014684	1050	1050	1050	0 157354 78057.8 	235411	6.49287	6.5039	12399	666.612	0.165376	0	1.02	1.02
15	0.00200009	9.14592e-05	1303.35	1050	105	756.29	44.2058	44.2058	176.823	176.823	0 18505 8043.52 	26548.5	0.00209155	0.00014684	1050	1050	1050	0 157359 78060.4 	235419	6.49267	6.5039	12399	666.612	0.165378	0	1.02	1.02
16	0.00200011	9.14401e-05	1303.08	1050	105	755.965	44.2118	44.2118	176.847	176.847	0 18503.2 8042.89 	26546.1	0.00209155	0.00014684	1050	1050	1050	0 157364 78063 	235427	6.49248	6.5039	12399	666.612	0.16538	0	1.02	1.02
17	0.00200013	9.14213e-05	1302.82	1050	105	755.643	44.2179	44.2179	176.872	176.872	0 18501.4 8042.29 	26543.7	0.00209155	0.00014684	1050	1050	1050	0 157369 78065.5 	235435	6.49229	6.5039	12399	666.612	0.165383	0	1.02	1.02
18	0.00200015	9.14028e-05	1302.56	1050	105	755.322	44.2241	44.2241	176.897	176.897	0 18499.7 8041.7 	26541.4	0.00209155	0.00014684	1050	1050	1050	0 157374 78068 	235442	6.49211	6.5039	12399	666.612	0.165385	0	1.02	1.02
19	0.00200016	9.13844e-05	1302.31	1050	105	755.003	44.2305	44.2305	176.922	176.922	0 18498 8041.14 	26539.1	0.00209155	0.00014684	1050	1050	1050	0 157379 78070.5 	235450	6.49192	6.5039	12399	666.612	0.165388	0	1.02	1.02
20	0.00200018	9.13662e-05	1302.06	1050	105	754.687	44.2369	44.2369	176.947	176.947	0 18496.2 8040.6 	26536.8	0.00209155	0.00014684	1050	1050	1050	0 157384 78072.9 	235457	6.49174	6.5039	12399	666.612	0.16539	0	1.02	1.02
21	0.0020002	9.13483e-05	1301.81	1050	105	754.372	44.2434	44.2434	176.973	176.973	0 18494.5 8040.08 	26534.6	0.00209155	0.00014684	1050	1050	1050	0 157389 78075.4 	235465	6.49156	6.5039	12399	666.612	0.165393	0	1.02	1.02
22	0.00200022	9.13306e-05	1301.56	1050	105	754.059	44.25	44.25	177	177	0 18492.8 8039.58 	26532.3	0.00209155	0.00014684	1050	1050	1050	0 157394 78077.8 	235472	6.49138	6.5039	12399	666.612	0.165395	0	1.02	1.02
23	0.00200024	9.13131e-05	1301.32	1050	105	753.749	44.2567	44.2567	177.027	177.027	0 18491 8039.1 	26530.1	0.00209155	0.00014684	1050	1050	1050	0 157399 78080.1 	235479	6.49121	6.5039	12399	666.612	0.165398	0	1.02	1.02
24	0.00200026	9.12958e-05	1301.07	1050	105	753.44	44.2635	44.2635	177.054	177.054	0 18489.3 8038.64 	26528	0.00209155	0.00014684	1050	1050	1050	0 157404 78082.5 	235486	6.49103	6.5039	12399	666.612	0.1654	0	1.02	1.02
25	0.00200027	9.12787e-05	1300.84	1050	105	753.133	44.2704	44.2704	177.082	177.082	0 18487.6 8038.2 	26525.8	0.00209155	0.00014684	1050	1050	1050	0 157408 78084.8 	235493	6.49086	6.5039	12399	666.612	0.165402	0	1.02	1.02
26	0.00200029	9.12618e-05	1300.6	1050	105	752.828	44.2774	44.2774	177.109	177.109	0 18485.9 8037.78 	26523.7	0.00209155	0.00014684	1050	1050	1050	0 157413 78087.1 	235500	6.49069	6.5039	12399	666.612	0.165405	0	1.02	1.02
27	0.00200031	9.12451e-05	1300.37	1050	105	752.525	44.2844	44.2844	177.138	177.138	0 18484.2 8037.38 	26521.6	0.00209155	0.00014684	1050	1050	1050	0 157418 78089.4 	235507	6.49053	6.5039	12399	666.612	0.165407	0	1.02	1.02
28	0.00200032	9.12286e-05	1300.14	1050	105	752.224	44.2916	44.2916	177.166	177.166	0 18482.6 8037 	26519.6	0.00209155	0.00014684	1050	1050	1050	0 157422 78091.7 	235514	6.49036	6.5039	12399	666.612	0.16541	0	1.02	1.02
29	0.00200034	9.12123e-05	1299.91	1050	105	751.925	44.2989	44.2989	177.196	177.196	0 18480.9 8036.64 	26517.5	0.00209155	0.00014684	1050	1050	1050	0 157427 78093.9 	235521	6.4902	6.5039	12399	666.612	0.165412	0	1.02	1.02
30	0.00200036	9.11962e-05	1299.69	1050	105	751.628	44.3062	44.3062	177.225	177.225	0 18479.2 8036.29 	26515.5	0.00209155	0.00014684	1050	1050	1050	0 157431 78096.1 	235528	6.49003	6.5039	12399	666.612	0.165414	0	1.02	1.02
31	0.00200037	9.11804e-05	1299.47	1050	105	751.332	44.3137	44.3137	177.255	177.255	0 18477.5 8035.97 	26513.5	0.00209155	0.00014684	1050	1050	1050	0 157436 78098.3 	235534	6.48988	6.5039	12399	666.612	0.165417	0	1.02	1.02
32	0.00200039	9.11647e-05	1299.25	1050	105	751.039	44.3212	44.3212	177.285	177.285	0 18475.9 8035.66 	26511.5	0.00209156	0.00014684	1050	1050	1050	0 157440 78100.5 	235541	6.48972	6.5039	12399	666.612	0.165419	0	1.02	1.02
33	0.00200041	9.11492e-05	1299.04	1050	105	750.747	44.3288	44.3288	177.315	177.315	0 18474.2 8035.38 	26509.6	0.00209156	0.00014684	1050	1050	1050	0 157445 78102.6 	235547	6.48956	6.5039	12399	666.612	0.165422	0	1.02	1.02
34	0.00200042	9.11339e-05	1298.82	1050	105	750.457	44.3365	44.3365	177.346	177.346	0 18472.6 8035.11 	26507.7	0.00209156	0.000146839	1050	1050	1050	0 157449 78104.8 	235554	6.48941	6.5039	12399	666.612	0.165424	0	1.02	1.02
35	0.00200044	9.11188e-05	1298.61	1050	105	750.169	44.3443	44.3443	177.377	177.377	0 18470.9 8034.85 	26505.8	0.00209156	0.000146839	1050	1050	1050	0 157453 78106.9 	235560	6.48926	6.5039	12399	666.612	0.165426	0	1.02	1.02
36	0.00200045	9.11038e-05	1298.4	1050	105	749.883	44.3522	44.3522	177.409	177.409	0 18469.3 8034.62 	26503.9	0.00209156	0.000146839	1050	1050	1050	0 157457 78108.9 	235566	6.48911	6.5039	12399	666.612	0.165429	0	1.02	1.02
37	0.00200047	9.10891e-05	1298.2	1050	105	749.598	44.3601	44.3601	177.44	177.44	0 18467.7 8034.4 	26502.1	0.00209156	0.000146839	1050	1050	1050	0 157462 78111 	235573	6.48896	6.5039	12399	666.612	0.165431	0	1.02	1.02
38	0.00200048	9.10746e-05	1298	1050	105	749.315	44.3681	44.3681	177.473	177.473	0 18466.1 8034.2 	26500.3	0.00209156	0.000146839	1050	1050	1050	0 157466 78113 	235579	6.48881	6.5039	12399	666.612	0.165433	0	1.02	1.02
39	0.0020005	9.10602e-05	1297.8	1050	105	749.035	44.3763	44.3763	177.505	177.505	0 18464.4 8034.02 	26498.5	0.00209156	0.000146839	1050	1050	1050	0 157470 78115.1 	235585	6.48867	6.5039	12399	666.612	0.165436	0	1.02	1.02
40	0.00200051	9.1046e-05	1297.6	1050	105	748.755	44.3845	44.3845	177.538	177.538	0 18462.8 8033.86 	26496.7	0.00209156	0.000146839	1050	1050	1050	0 157474 78117 	235591	6.48853	6.5039	12399	666.612	0.165438	0	1.02	1.02
41	0.00200053	9.1032e-05	1297.4	1050	105	748.478	44.3927	44.3927	177.571	177.571	0 18461.2 8033.71 	26494.9	0.00209156	0.000146839	1050	1050	1050	0 157478 78119 	235597	6.48839	6.5039	12399	666.612	0.16544	0	1.02	1.02
42	0.00200054	9.10182e-05	1297.21	1050	105	748.202	44.4011	44.4011	177.604	177.604	0 18459.6 8033.58 	26493.2	0.00209156	0.000146839	1050	1050	1050	0 157482 78121 	235603	6.48825	6.5039	12399	666.612	0.165443	0	1.02	1.02
43	0.00200056	9.10046e-05	1297.02	1050	105	747.928	44.4095	44.4095	177.638	177.638	0 18458 8033.47 	26491.5	0.00209156	0.000146839	1050	1050	1050	0 157486 78122.9 	235609	6.48811	6.5039	12399	666.612	0.165445	0	1.02	1.02
44	0.00200057	9.09911e-05	1296.84	1050	105	747.656	44.418	44.418	177.672	177.672	0 18456.4 8033.37 	26489.8	0.00209156	0.000146839	1050	1050	1050	0 157490 78124.8 	235614	6.48798	6.5039	12399	666.612	0.165448	0	1.02	1.02
45	0.00200058	9.09778e-05	1296.65	1050	105	747.385	44.4266	44.4266	177.706	177.706	0 18454.8 8033.29 	26488.1	0.00209156	0.000146839	1050	1050	1050	0 157494 78126.7 	235620	6.48784	6.5039	12399	666.612	0.16545	0	1.02	1.02
46	0.0020006	9.09647e-05	1296.47	1050	105	747.116	44.4352	44.4352	177.741	177.741	0 18453.3 8033.22 	26486.5	0.00209156	0.000146839	1050	1050	1050	0 157497 78128.6 	235626	6.48771	6.5039	12399	666.612	0.165452	0	1.02	1.02
47	0.00200061	9.09517e-05	1296.29	1050	105	746.849	44.4439	44.4439	177.776	177.776	0 18451.7 8033.17 	26484.9	0.00209156	0.000146839	1050	1050	1050	0 157501 78130.4 	235632	6.48758	6.5039	12399	666.612	0.165455	0	1.02	1.02
48	0.00200062	9.0939e-05	1296.11	1050	105	746.583	44.4527	44.4527	177.811	177.811	0 18450.1 8033.14 	26483.3	0.00209156	0.000146839	1050	1050	1050	0 157505 78132.2 	235637	6.48745	6.5039	12399	666.612	0.165457	0	1.02	1.02
49	0.00200064	9.09264e-05	1295.93	1050	105	746.319	44.4616	44.4616	177.846	177.846	0 18448.6 8033.12 	26481.7	0.00209156	0.000146839	1050	1050	1050	0 157508 78134.1 	235643	6.48732	6.5039	12399	666.612	0.165459	0	1.02	1.02
50	0.00200065	9.09139e-05	1295.76	1050	105	746.056	44.4705	44.4705	177.882	177.882	0 18447 8033.12 	26480.1	0.00209156	0.000146839	1050	1050	1050	0 157512 78135.8 	235648	6.4872	6.5039	12399	666.612	0.165461	0	1.02	1.02
51	0.00200066	9.09016e-05	1295.59	1050	105	745.796	44.4795	44.4795	177.918	177.918	0 18445.5 8033.13 	26478.6	0.00209156	0.000146839	1050	1050	1050	0 157516 78137.6 	235653	6.48708	6.5039	12399	666.612	0.165464	0	1.02	1.02
52	0.00200067	9.08895e-05	1295.42	1050	105	745.536	44.4886	44.4886	177.954	177.954	0 18443.9 8033.16 	26477.1	0.00209156	0.000146839	1050	1050	1050	0 157519 78139.4 	235659	6.48696	6.5039	12399	666.612	0.165466	0	1.02	1.02
53	0.00200069	9.08776e-05	1295.26	1050	105	745.279	44.4978	44.4978	177.991	177.991	0 18442.4 8033.2 	26475.6	0.00209156	0.000146839	1050	1050	1050	0 157523 78141.1 	235664	6.48684	6.5039	12399	666.612	0.165468	0	1.02	1.02
54	0.0020007	9.08658e-05	1295.09	1050	105	745.023	44.507	44.507	178.028	178.028	0 18440.9 8033.26 	26474.1	0.00209156	0.000146839	1050	1050	1050	0 157526 78142.8 	235669	6.48672	6.5039	12399	666.612	0.165471	0	1.02	1.02
55	0.00200071	9.08542e-05	1294.93	1050	105	744.768	44.5162	44.5162	178.065	178.065	0 18439.3 8033.33 	26472.7	0.00209157	0.000146839	1050	1050	1050	0 157530 78144.5 	235674	6.4866	6.5039	12399	666.612	0.165473	0	1.02	1.02
56	0.00200072	9.08427e-05	1294.77	1050	105	744.515	44.5256	44.5256	178.102	178.102	0 18437.8 8033.41 	26471.2	0.00209157	0.000146839	1050	1050	1050	0 157533 78146.2 	235679	6.48648	6.5039	12399	666.612	0.165475	0	1.02	1.02
57	0.00200073	9.08314e-05	1294.61	1050	105	744.264	44.535	44.535	178.14	178.14	0 18436.3 8033.51 	26469.8	0.00209157	0.000146839	1050	1050	1050	0 157537 78147.8 	235684	6.48637	6.5039	12399	666.612	0.165478	0	1.02	1.02
58	0.00200075	9.08203e-05	1294.46	1050	105	744.014	44.5444	44.5444	178.178	178.178	0 18434.8 8033.63 	26468.4	0.00209157	0.000146839	1050	1050	1050	0 157540 78149.5 	235689	6.48626	6.5039	12399	666.612	0.16548	0	1.02	1.02
59	0.00200076	9.08093e-05	1294.31	1050	105	743.766	44.554	44.554	178.216	178.216	0 18433.3 8033.76 	26467	0.00209157	0.000146839	1050	1050	1050	0 157543 78151.1 	235694	6.48615	6.5039	12399	666.612	0.165482	0	1.02	1.02
60	0.00200077	9.07985e-05	1294.16	1050	105	743.519	44.5636	44.5636	178.254	178.254	0 18431.8 8033.9 	26465.7	0.00209157	0.000146839	1050	1050	1050	0 157546 78152.7 	235699	6.48604	6.5039	12399	666.612	0.165484	0	1.02	1.02
61	0.00200078	9.07878e-05	1294.01	1050	105	743.274	44.5732	44.5732	178.293	178.293	0 18430.3 8034.06 	26464.4	0.00209157	0.000146839	1050	1050	1050	0 157550 78154.3 	235704	6.48593	6.5039	12399	666.612	0.165487	0	1.02	1.02
62	0.00200079	9.07772e-05	1293.86	1050	105	743.03	44.5829	44.5829	178.332	178.332	0 18428.8 8034.23 	26463	0.00209157	0.000146839	1050	1050	1050	0 157553 78155.9 	235709	6.48583	6.5039	12399	666.612	0.165489	0	1.02	1.02
63	0.0020008	9.07669e-05	1293.72	1050	105	742.788	44.5927	44.5927	178.371	178.371	0 18427.3 8034.41 	26461.7	0.00209157	0.000146839	1050	1050	1050	0 157556 78157.4 	235713	6.48572	6.5039	12399	666.612	0.165491	0	1.02	1.02
64	0.00200081	9.07566e-05	1293.57	1050	105	742.548	44.6025	44.6025	178.41	178.41	0 18425.8 8034.61 	26460.5	0.00209157	0.000146839	1050	1050	1050	0 157559 78158.9 	235718	6.48562	6.5039	12399	666.612	0.165494	0	1.02	1.02
65	0.00200082	9.07465e-05	1293.43	1050	105	742.308	44.6124	44.6124	178.45	178.45	0 18424.4 8034.82 	26459.2	0.00209157	0.000146839	1050	1050	1050	0 157562 78160.5 	235723	6.48552	6.5039	12399	666.612	0.165496	0	1.02	1.02
66	0.00200083	9.07366e-05	1293.29	1050	105	742.07	44.6224	44.6224	178.49	178.49	0 18422.9 8035.04 	26458	0.00209157	0.000146839	1050	1050	1050	0 157565 78162 	235727	6.48542	6.5039	12399	666.612	0.165498	0	1.02	1.02
67	0.00200084	9.07268e-05	1293.16	1050	105	741.834	44.6324	44.6324	178.53	178.53	0 18421.4 8035.28 	26456.7	0.00209157	0.000146839	1050	1050	1050	0 157568 78163.4 	235732	6.48532	6.5039	12399	666.612	0.1655	0	1.02	1.02
68	0.00200085	9.07172e-05	1293.02	1050	105	741.599	44.6425	44.6425	178.57	178.57	0 18420 8035.52 	26455.5	0.00209157	0.000146839	1050	1050	1050	0 157571 78164.9 	235736	6.48522	6.5039	12399	666.612	0.165503	0	1.02	1.02
69	0.00200086	9.07076e-05	1292.89	1050	105	741.366	44.6526	44.6526	178.61	178.61	0 18418.5 8035.79 	26454.3	0.00209157	0.000146839	1050	1050	1050	0 157574 78166.4 	235740	6.48513	6.5039	12399	666.612	0.165505	0	1.02	1.02
70	0.00200087	9.06983e-05	1292.76	1050	105	741.133	44.6627	44.6627	178.651	178.651	0 18417.1 8036.06 	26453.2	0.00209157	0.000146839	1050	1050	1050	0 157577 78167.8 	235745	6.48503	6.5039	12399	666.612	0.165507	0	1.02	1.02
71	0.00200088	9.0689e-05	1292.63	1050	105	740.903	44.673	44.673	178.692	178.692	0 18415.7 8036.34 	26452	0.00209157	0.000146839	1050	1050	1050	0 157580 78169.2 	235749	6.48494	6.5039	12399	666.612	0.165509	0	1.02	1.02
72	0.00200089	9.06799e-05	1292.51	1050	105	740.673	44.6832	44.6832	178.733	178.733	0 18414.2 8036.64 	26450.9	0.00209157	0.000146839	1050	1050	1050	0 157583 78170.6 	235753	6.48485	6.5039	12399	666.612	0.165511	0	1.02	1.02
73	0.0020009	9.0671e-05	1292.38	1050	105	740.446	44.6936	44.6936	178.774	178.774	0 18412.8 8036.95 	26449.7	0.00209157	0.000146838	1050	1050	1050	0 157586 78172 	235758	6.48476	6.5039	12399	666.612	0.165514	0	1.02	1.02
74	0.00200091	9.06622e-05	1292.26	1050	105	740.219	44.7039	44.7039	178.816	178.816	0 18411.4 8037.27 	26448.6	0.00209157	0.000146838	1050	1050	1050	0 157588 78173.4 	235762	6.48467	6.5039	12399	666.612	0.165516	0	1.02	1.02
75	0.00200092	9.06535e-05	1292.14	1050	105	739.994	44.7144	44.7144	178.857	178.857	0 18410 8037.61 	26447.6	0.00209157	0.000146838	1050	1050	1050	0 157591 78174.7 	235766	6.48458	6.5039	12399	666.612	0.165518	0	1.02	1.02
76	0.00200093	9.06449e-05	1292.02	1050	105	739.77	44.7249	44.7249	178.899	178.899	0 18408.5 8037.95 	26446.5	0.00209157	0.000146838	1050	1050	1050	0 157594 78176 	235770	6.4845	6.5039	12399	666.612	0.16552	0	1.02	1.02
77	0.00200094	9.06365e-05	1291.9	1050	105	739.548	44.7354	44.7354	178.942	178.942	0 18407.1 8038.31 	26445.4	0.00209157	0.000146838	1050	1050	1050	0 157596 78177.4 	235774	6.48441	6.5039	12399	666.612	0.165523	0	1.02	1.02
78	0.00200094	9.06282e-05	1291.79	1050	105	739.327	44.746	44.746	178.984	178.984	0 18405.7 8038.68 	26444.4	0.00209157	0.000146838	1050	1050	1050	0 157599 78178.7 	235778	6.48433	6.5039	12399	666.612	0.165525	0	1.02	1.02
79	0.00200095	9.06201e-05	1291.67	1050	105	739.107	44.7566	44.7566	179.026	179.026	0 18404.3 8039.06 	26443.4	0.00209157	0.000146838	1050	1050	1050	0 157602 78180 	235782	6.48424	6.5039	12399	666.612	0.165527	0	1.02	1.02
80	0.00200096	9.0612e-05	1291.56	1050	105	738.888	44.7673	44.7673	179.069	179.069	0 18402.9 8039.45 	26442.4	0.00209157	0.000146838	1050	1050	1050	0 157604 78181.2 	235786	6.48416	6.5039	12399	666.612	0.165529	0	1.02	1.02
81	0.00200097	9.06041e-05	1291.45	1050	105	738.671	44.778	44.778	179.112	179.112	0 18401.5 8039.85 	26441.4	0.00209157	0.000146838	1050	1050	1050	0 157607 78182.5 	235789	6.48408	6.5039	12399	666.612	0.165531	0	1.02	1.02
82	0.00200098	9.05964e-05	1291.34	1050	105	738.455	44.7888	44.7888	179.155	179.155	0 18400.2 8040.26 	26440.4	0.00209157	0.000146838	1050	1050	1050	0 157609 78183.7 	235793	6.48401	6.5039	12399	666.612	0.165533	0	1.02	1.02
83	0.00200099	9.05887e-05	1291.24	1050	105	738.241	44.7996	44.7996	179.198	179.198	0 18398.8 8040.69 	26439.5	0.00209157	0.000146838	1050	1050	1050	0 157612 78185 	235797	6.48393	6.5039	12399	666.612	0.165536	0	1.02	1.02
84	0.00200099	9.05812e-05	1291.13	1050	105	738.028	44.8104	44.8104	179.242	179.242	0 18397.4 8041.12 	26438.5	0.00209157	0.000146838	1050	1050	1050	0 157614 78186.2 	235801	6.48385	6.5039	12399	666.612	0.165538	0	1.02	1.02
85	0.002001	9.05738e-05	1291.03	1050	105	737.816	44.8213	44.8213	179.285	179.285	0 18396 8041.56 	26437.6	0.00209158	0.000146838	1050	1050	1050	0 157617 78187.4 	235804	6.48378	6.5039	12399	666.612	0.16554	0	1.02	1.02
86	0.00200101	9.05665e-05	1290.93	1050	105	737.605	44.8323	44.8323	179.329	179.329	0 18394.7 8042.02 	26436.7	0.00209158	0.000146838	1050	1050	1050	0 157619 78188.6 	235808	6.48371	6.5039	12399	666.612	0.165542	0	1.02	1.02
87	0.00200102	9.05594e-05	1290.83	1050	105	737.395	44.8432	44.8432	179.373	179.373	0 18393.3 8042.48 	26435.8	0.00209158	0.000146838	1050	1050	1050	0 157622 78189.7 	235811	6.48363	6.5039	12399	666.612	0.165544	0	1.02	1.02
88	0.00200102	9.05523e-05	1290.73	1050	105	737.187	44.8543	44.8543	179.417	179.417	0 18392 8042.96 	26434.9	0.00209158	0.000146838	1050	1050	1050	0 157624 78190.9 	235815	6.48356	6.5039	12399	666.612	0.165546	0	1.02	1.02
89	0.00200103	9.05454e-05	1290.63	1050	105	736.98	44.8653	44.8653	179.461	179.461	0 18390.6 8043.44 	26434.1	0.00209158	0.000146838	1050	1050	1050	0 157626 78192 	235818	6.48349	6.5039	12399	666.612	0.165549	0	1.02	1.02
90	0.00200104	9.05386e-05	1290.54	1050	105	736.774	44.8765	44.8765	179.506	179.506	0 18389.3 8043.94 	26433.2	0.00209158	0.000146838	1050	1050	1050	0 157629 78193.2 	235822	6.48342	6.5039	12399	666.612	0.165551	0	1.02	1.02
91	0.00200104	9.05319e-05	1290.45	1050	105	736.57	44.8876	44.8876	179.55	179.55	0 18387.9 8044.44 	26432.4	0.00209158	0.000146838	1050	1050	1050	0 157631 78194.3 	235825	6.48336	6.5039	12399	666.612	0.165553	0	1.02	1.02
92	0.00200105	9.05253e-05	1290.35	1050	105	736.367	44.8988	44.8988	179.595	179.595	0 18386.6 8044.96 	26431.6	0.00209158	0.000146838	1050	1050	1050	0 157633 78195.4 	235828	6.48329	6.5039	12399	666.612	0.165555	0	1.02	1.02
93	0.00200106	9.05189e-05	1290.26	1050	105	736.165	44.91	44.91	179.64	179.64	0 18385.3 8045.48 	26430.7	0.00209158	0.000146838	1050	1050	1050	0 157635 78196.5 	235832	6.48322	6.5039	12399	666.612	0.165557	0	1.02	1.02
94	0.00200106	9.05126e-05	1290.18	1050	105	735.964	44.9213	44.9213	179.685	179.685	0 18383.9 8046.02 	26430	0.00209158	0.000146838	1050	1050	1050	0 157637 78197.5 	235835	6.48316	6.5039	12399	666.612	0.165559	0	1.02	1.02
95	0.00200107	9.05063e-05	1290.09	1050	105	735.764	44.9326	44.9326	179.73	179.73	0 18382.6 8046.56 	26429.2	0.00209158	0.000146838	1050	1050	1050	0 157640 78198.6 	235838	6.4831	6.5039	12399	666.612	0.165561	0	1.02	1.02
96	0.00200108	9.05002e-05	1290	1050	105	735.565	44.9439	44.9439	179.776	179.776	0 18381.3 8047.11 	26428.4	0.00209158	0.000146838	1050	1050	1050	0 157642 78199.7 	235841	6.48304	6.5039	12399	666.612	0.165564	0	1.02	1.02
97	0.00200108	9.04942e-05	1289.92	1050	105	735.368	44.9553	44.9553	179.821	179.821	0 18380 8047.67 	26427.7	0.00209158	0.000146838	1050	1050	1050	0 157644 78200.7 	235845	6.48298	6.5039	12399	666.612	0.165566	0	1.02	1.02
98	0.00200109	9.04883e-05	1289.84	1050	105	735.172	44.9667	44.9667	179.867	179.867	0 18378.7 8048.24 	26426.9	0.00209158	0.000146838	1050	1050	1050	0 157646 78201.7 	235848	6.48292	6.5039	12399	666.612	0.165568	0	1.02	1.02
99	0.0020011	9.04825e-05	1289.76	1050	105	734.977	44.9782	44.9782	179.913	179.913	0 18377.4 8048.82 	26426.2	0.00209158	0.000146838	1050	1050	1050	0 157648 78202.7 	235851	6.48286	6.5039	12399	666.612	0.16557	0	1.02	1.02
100	0.0020011	9.04768e-05	1289.68	1050	105	734.783	44.9897	44.9897	179.959	179.959	0 18376.1 8049.41 	26425.5	0.00209158	0.000146838	1050	1050	1050	0 157650 78203.7 	235854	6.4828	6.5039	12399	666.612	0.165572	0	1.02	1.02
101	0.00200111	9.04713e-05	1289.6	1050	105	734.59	45.0012	45.0012	180.005	180.005	0 18374.8 8050.01 	26424.8	0.00209158	0.000146838	1050	1050	1050	0 157652 78204.7 	235857	6.48274	6.5039	12399	666.612	0.165574	0	1.02	1.02
102	0.00200111	9.04658e-05	1289.53	1050	105	734.399	45.0127	45.0127	180.051	180.051	0 18373.5 8050.61 	26424.1	0.00209158	0.000146838	1050	1050	1050	0 157654 78205.7 	235860	6.48269	6.5039	12399	666.612	0.165576	0	1.02	1.02
103	0.00200112	9.04604e-05	1289.45	1050	105	734.208	45.0243	45.0243	180.097	180.097	0 18372.2 8051.23 	26423.5	0.00209158	0.000146838	1050	1050	1050	0 157656 78206.6 	235863	6.48263	6.5039	12399	666.612	0.165578	0	1.02	1.02
104	0.00200112	9.04552e-05	1289.38	1050	105	734.019	45.036	45.036	180.144	180.144	0 18370.9 8051.85 	26422.8	0.00209158	0.000146838	1050	1050	1050	0 157658 78207.6 	235865	6.48258	6.5039	12399	666.612	0.16558	0	1.02	1.02
105	0.00200113	9.045e-05	1289.31	1050	105	733.83	45.0476	45.0476	180.19	180.19	0 18369.7 8052.48 	26422.2	0.00209158	0.000146838	1050	1050	1050	0 157660 78208.5 	235868	6.48253	6.5039	12399	666.612	0.165582	0	1.02	1.02
106	0.00200114	9.0445e-05	1289.24	1050	105	733.643	45.0593	45.0593	180.237	180.237	0 18368.4 8053.12 	26421.5	0.00209158	0.000146838	1050	1050	1050	0 157662 78209.4 	235871	6.48248	6.5039	12399	666.612	0.165584	0	1.02	1.02
107	0.00200114	9.044e-05	1289.17	1050	105	733.457	45.071	45.071	180.284	180.284	0 18367.1 8053.77 	26420.9	0.00209158	0.000146838	1050	1050	1050	0 157663 78210.3 	235874	6.48243	6.5039	12399	666.612	0.165587	0	1.02	1.02
108	0.00200115	9.04352e-05	1289.1	1050	105	733.272	45.0827	45.0827	180.331	180.331	0 18365.9 8054.42 	26420.3	0.00209158	0.000146838	1050	1050	1050	0 157665 78211.2 	235877	6.48238	6.5039	12399	666.612	0.165589	0	1.02	1.02
109	0.00200115	9.04304e-05	1289.03	1050	105	733.088	45.0945	45.0945	180.378	180.378	0 18364.6 8055.09 	26419.7	0.00209158	0.000146838	1050	1050	1050	0 157667 78212.1 	235879	6.48233	6.5039	12399	666.612	0.165591	0	1.02	1.02
110	0.00200116	9.04257e-05	1288.97	1050	105	732.905	45.1063	45.1063	180.425	180.425	0 18363.4 8055.76 	26419.1	0.00209158	0.000146838	1050	1050	1050	0 157669 78213 	235882	6.48228	6.5039	12399	666.612	0.165593	0	1.02	1.02
111	0.00200116	9.04212e-05	1288.91	1050	105	732.724	45.1182	45.1182	180.473	180.473	0 18362.1 8056.44 	26418.6	0.00209158	0.000146838	1050	1050	1050	0 157671 78213.9 	235885	6.48224	6.5039	12399	666.612	0.165595	0	1.02	1.02
112	0.00200116	9.04167e-05	1288.84	1050	105	732.543	45.13	45.13	180.52	180.52	0 18360.9 8057.12 	26418	0.00209158	0.000146838	1050	1050	1050	0 157672 78214.7 	235887	6.48219	6.5039	12399	666.612	0.165597	0	1.02	1.02
113	0.00200117	9.04124e-05	1288.78	1050	105	732.363	45.1419	45.1419	180.568	180.568	0 18359.6 8057.82 	26417.5	0.00209158	0.000146838	1050	1050	1050	0 157674 78215.6 	235890	6.48215	6.5039	12399	666.612	0.165599	0	1.02	1.02
114	0.00200117	9.04081e-05	1288.72	1050	105	732.185	45.1538	45.1538	180.615	180.615	0 18358.4 8058.52 	26416.9	0.00209158	0.000146838	1050	1050	1050	0 157676 78216.4 	235892	6.4821	6.5039	12399	666.612	0.165601	0	1.02	1.02
115	0.00200118	9.04039e-05	1288.66	1050	105	732.007	45.1658	45.1658	180.663	180.663	0 18357.2 8059.22 	26416.4	0.00209158	0.000146838	1050	1050	1050	0 157677 78217.2 	235895	6.48206	6.5039	12399	666.612	0.165603	0	1.02	1.02
116	0.00200118	9.03998e-05	1288.61	1050	105	731.831	45.1777	45.1777	180.711	180.711	0 18356 8059.94 	26415.9	0.00209158	0.000146838	1050	1050	1050	0 157679 78218 	235897	6.48202	6.5039	12399	666.612	0.165605	0	1.02	1.02
117	0.00200119	9.03958e-05	1288.55	1050	105	731.655	45.1897	45.1897	180.759	180.759	0 18354.7 8060.66 	26415.4	0.00209158	0.000146838	1050	1050	1050	0 157681 78218.8 	235899	6.48198	6.5039	12399	666.612	0.165607	0	1.02	1.02
118	0.00200119	9.03919e-05	1288.5	1050	105	731.48	45.2018	45.2018	180.807	180.807	0 18353.5 8061.39 	26414.9	0.00209158	0.000146838	1050	1050	1050	0 157682 78219.6 	235902	6.48194	6.5039	12399	666.612	0.165609	0	1.02	1.02
119	0.00200119	9.03881e-05	1288.45	1050	105	731.307	45.2138	45.2138	180.855	180.855	0 18352.3 8062.13 	26414.4	0.00209158	0.000146838	1050	1050	1050	0 157684 78220.4 	235904	6.4819	6.5039	12399	666.612	0.165611	0	1.02	1.02
120	0.0020012	9.03844e-05	1288.39	1050	105	731.134	45.2259	45.2259	180.904	180.904	0 18351.1 8062.87 	26414	0.00209158	0.000146838	1050	1050	1050	0 157685 78221.1 	235907	6.48186	6.5039	12399	666.612	0.165613	0	1.02	1.02
121	0.0020012	9.03807e-05	1288.34	1050	105	730.963	45.238	45.238	180.952	180.952	0 18349.9 8063.62 	26413.5	0.00209158	0.000146838	1050	1050	1050	0 157687 78221.9 	235909	6.48183	6.5039	12399	666.612	0.165615	0	1.02	1.02
122	0.00200121	9.03772e-05	1288.29	1050	105	730.792	45.2501	45.2501	181	181	0 18348.7 8064.38 	26413.1	0.00209158	0.000146838	1050	1050	1050	0 157688 78222.6 	235911	6.48179	6.5039	12399	666.612	0.165617	0	1.02	1.02
123	0.00200121	9.03737e-05	1288.25	1050	105	730.623	45.2622	45.2622	181.049	181.049	0 18347.5 8065.14 	26412.7	0.00209158	0.000146838	1050	1050	1050	0 157690 78223.3 	235913	6.48175	6.5039	12399	666.612	0.165619	0	1.02	1.02
124	0.00200121	9.03703e-05	1288.2	1050	105	730.454	45.2744	45.2744	181.098	181.098	0 18346.3 8065.91 	26412.2	0.00209158	0.000146838	1050	1050	1050	0 157691 78224.1 	235915	6.48172	6.5039	12399	666.612	0.165621	0	1.02	1.02
125	0.00200122	9.03671e-05	1288.15	1050	105	730.287	45.2866	45.2866	181.146	181.146	0 18345.1 8066.69 	26411.8	0.00209158	0.000146838	1050	1050	1050	0 157693 78224.8 	235918	6.48169	6.5039	12399	666.612	0.165623	0	1.02	1.02
126	0.00200122	9.03639e-05	1288.11	1050	105	730.12	45.2988	45.2988	181.195	181.195	0 18344 8067.47 	26411.4	0.00209158	0.000146838	1050	1050	1050	0 157694 78225.5 	235920	6.48165	6.5039	12399	666.612	0.165625	0	1.02	1.02
127	0.00200122	9.03607e-05	1288.06	1050	105	729.954	45.311	45.311	181.244	181.244	0 18342.8 8068.26 	26411	0.00209158	0.000146838	1050	1050	1050	0 157696 78226.2 	235922	6.48162	6.5039	12399	666.612	0.165627	0	1.02	1.02
128	0.00200123	9.03577e-05	1288.02	1050	105	729.789	45.3233	45.3233	181.293	181.293	0 18341.6 8069.06 	26410.7	0.00209158	0.000146838	1050	1050	1050	0 157697 78226.9 	235924	6.48159	6.5039	12399	666.612	0.165629	0	1.02	1.02
129	0.00200123	9.03547e-05	1287.98	1050	105	729.625	45.3355	45.3355	181.342	181.342	0 18340.4 8069.86 	26410.3	0.00209158	0.000146838	1050	1050	1050	0 157698 78227.5 	235926	6.48156	6.5039	12399	666.612	0.165631	0	1.02	1.02
130	0.00200123	9.03519e-05	1287.94	1050	105	729.463	45.3478	45.3478	181.391	181.391	0 18339.3 8070.67 	26409.9	0.00209158	0.000146838	1050	1050	1050	0 157700 78228.2 	235928	6.48153	6.5039	12399	666.612	0.165633	0	1.02	1.02
131	0.00200124	9.03491e-05	1287.9	1050	105	729.301	45.3601	45.3601	181.441	181.441	0 18338.1 8071.48 	26409.6	0.00209158	0.000146838	1050	1050	1050	0 157701 78228.8 	235930	6.4815	6.5039	12399	666.612	0.165635	0	1.02	1.02
132	0.00200124	9.03463e-05	1287.86	1050	105	729.14	45.3725	45.3725	181.49	181.49	0 18336.9 8072.3 	26409.3	0.00209158	0.000146838	1050	1050	1050	0 157702 78229.5 	235932	6.48148	6.5039	12399	666.612	0.165637	0	1.02	1.02
133	0.00200124	9.03437e-05	1287.83	1050	105	728.979	45.3848	45.3848	181.539	181.539	0 18335.8 8073.13 	26408.9	0.00209158	0.000146838	1050	1050	1050	0 157704 78230.1 	235934	6.48145	6.5039	12399	666.612	0.165639	0	1.02	1.02
134	0.00200124	9.03411e-05	1287.79	1050	105	728.82	45.3972	45.3972	181.589	181.589	0 18334.6 8073.96 	26408.6	0.00209158	0.000146838	1050	1050	1050	0 157705 78230.7 	235936	6.48142	6.5039	12399	666.612	0.165641	0	1.02	1.02
135	0.00200125	9.03387e-05	1287.76	1050	105	728.662	45.4096	45.4096	181.638	181.638	0 18333.5 8074.79 	26408.3	0.00209159	0.000146838	1050	1050	1050	0 157706 78231.3 	235938	6.4814	6.5039	12399	666.612	0.165643	0	1.02	1.02
136	0.00200125	9.03362e-05	1287.72	1050	105	728.504	45.422	45.422	181.688	181.688	0 18332.4 8075.64 	26408	0.00209159	0.000146838	1050	1050	1050	0 157707 78231.9 	235939	6.48137	6.5039	12399	666.612	0.165645	0	1.02	1.02
137	0.00200125	9.03339e-05	1287.69	1050	105	728.348	45.4344	45.4344	181.738	181.738	0 18331.2 8076.48 	26407.7	0.00209159	0.000146838	1050	1050	1050	0 157709 78232.5 	235941	6.48135	6.5039	12399	666.612	0.165647	0	1.02	1.02
138	0.00200125	9.03317e-05	1287.66	1050	105	728.192	45.4468	45.4468	181.787	181.787	0 18330.1 8077.34 	26407.4	0.00209159	0.000146838	1050	1050	1050	0 157710 78233.1 	235943	6.48132	6.5039	12399	666.612	0.165648	0	1.02	1.02
139	0.00200126	9.03295e-05	1287.63	1050	105	728.037	45.4593	45.4593	181.837	181.837	0 18329 8078.2 	26407.2	0.00209159	0.000146838	1050	1050	1050	0 157711 78233.7 	235945	6.4813	6.5039	12399	666.612	0.16565	0	1.02	1.02
140	0.00200126	9.03274e-05	1287.6	1050	105	727.883	45.4717	45.4717	181.887	181.887	0 18327.8 8079.06 	26406.9	0.00209159	0.000146838	1050	1050	1050	0 157712 78234.3 	235946	6.48128	6.5039	12399	666.612	0.165652	0	1.02	1.02
141	0.00200126	9.03253e-05	1287.57	1050	105	727.73	45.4842	45.4842	181.937	181.937	0 18326.7 8079.93 	26406.6	0.00209159	0.000146838	1050	1050	1050	0 157713 78234.8 	235948	6.48126	6.5039	12399	666.612	0.165654	0	1.02	1.02
142	0.00200126	9.03234e-05	1287.54	1050	105	727.578	45.4967	45.4967	181.987	181.987	0 18325.6 8080.8 	26406.4	0.00209159	0.000146838	1050	1050	1050	0 157714 78235.4 	235950	6.48124	6.5039	12399	666.612	0.165656	0	1.02	1.02
143	0.00200126	9.03215e-05	1287.52	1050	105	727.426	45.5092	45.5092	182.037	182.037	0 18324.5 8081.68 	26406.2	0.00209159	0.000146838	1050	1050	1050	0 157715 78235.9 	235951	6.48122	6.5039	12399	666.612	0.165658	0	1.02	1.02
144	0.00200127	9.03197e-05	1287.49	1050	105	727.276	45.5217	45.5217	182.087	182.087	0 18323.4 8082.56 	26405.9	0.00209159	0.000146838	1050	1050	1050	0 157717 78236.4 	235953	6.4812	6.5039	12399	666.612	0.16566	0	1.02	1.02
145	0.00200127	9.03179e-05	1287.47	1050	105	727.126	45.5343	45.5343	182.137	182.137	0 18322.3 8083.45 	26405.7	0.00209159	0.000146838	1050	1050	1050	0 157718 78237 	235955	6.48118	6.5039	12399	666.612	0.165662	0	1.02	1.02
146	0.00200127	9.03162e-05	1287.45	1050	105	726.977	45.5468	45.5468	182.187	182.187	0 18321.2 8084.35 	26405.5	0.00209159	0.000146838	1050	1050	1050	0 157719 78237.5 	235956	6.48116	6.5039	12399	666.612	0.165664	0	1.02	1.02
147	0.00200127	9.03146e-05	1287.42	1050	105	726.829	45.5594	45.5594	182.238	182.238	0 18320.1 8085.24 	26405.3	0.00209159	0.000146838	1050	1050	1050	0 157720 78238 	235958	6.48115	6.5039	12399	666.612	0.165666	0	1.02	1.02
148	0.00200127	9.03131e-05	1287.4	1050	105	726.682	45.572	45.572	182.288	182.288	0 18319 8086.15 	26405.1	0.00209159	0.000146838	1050	1050	1050	0 157721 78238.5 	235959	6.48113	6.5039	12399	666.612	0.165668	0	1.02	1.02
149	0.00200128	9.03116e-05	1287.38	1050	105	726.536	45.5846	45.5846	182.338	182.338	0 18317.9 8087.05 	26405	0.00209159	0.000146837	1050	1050	1050	0 157722 78239 	235961	6.48112	6.5039	12399	666.612	0.165669	0	1.02	1.02
150	0.00200128	9.03102e-05	1287.36	1050	105	726.39	45.5972	45.5972	182.389	182.389	0 18316.8 8087.97 	26404.8	0.00209159	0.000146837	1050	1050	1050	0 157723 78239.5 	235962	6.4811	6.5039	12399	666.612	0.165671	0	1.02	1.02
151	0.00200128	9.03089e-05	1287.34	1050	105	726.245	45.6098	45.6098	182.439	182.439	0 18315.7 8088.88 	26404.6	0.00209159	0.000146837	1050	1050	1050	0 157724 78239.9 	235964	6.48109	6.5039	12399	666.612	0.165673	0	1.02	1.02
152	0.00200128	9.03076e-05	1287.33	1050	105	726.101	45.6224	45.6224	182.49	182.49	0 18314.7 8089.8 	26404.5	0.00209159	0.000146837	1050	1050	1050	0 157725 78240.4 	235965	6.48107	6.5039	12399	666.612	0.165675	0	1.02	1.02
153	0.00200128	9.03064e-05	1287.31	1050	105	725.958	45.635	45.635	182.54	182.54	0 18313.6 8090.73 	26404.3	0.00209159	0.000146837	1050	1050	1050	0 157726 78240.9 	235966	6.48106	6.5039	12399	666.612	0.165677	0	1.02	1.02
154	0.00200128	9.03052e-05	1287.29	1050	105	725.816	45.6477	45.6477	182.591	182.591	0 18312.5 8091.66 	26404.2	0.00209159	0.000146837	1050	1050	1050	0 157726 78241.3 	235968	6.48105	6.5039	12399	666.612	0.165679	0	1.02	1.02
155	0.00200128	9.03041e-05	1287.28	1050	105	725.674	45.6604	45.6604	182.641	182.641	0 18311.4 8092.59 	26404	0.00209159	0.000146837	1050	1050	1050	0 157727 78241.8 	235969	6.48104	6.5039	12399	666.612	0.165681	0	1.02	1.02
156	0.00200128	9.03031e-05	1287.26	1050	105	725.533	45.673	45.673	182.692	182.692	0 18310.4 8093.53 	26403.9	0.00209159	0.000146837	1050	1050	1050	0 157728 78242.2 	235970	6.48103	6.5039	12399	666.612	0.165682	0	1.02	1.02
157	0.00200129	9.03021e-05	1287.25	1050	105	725.393	45.6857	45.6857	182.743	182.743	0 18309.3 8094.47 	26403.8	0.00209159	0.000146837	1050	1050	1050	0 157729 78242.6 	235972	6.48102	6.5039	12399	666.612	0.165684	0	1.02	1.02
158	0.00200129	9.03013e-05	1287.24	1050	105	725.254	45.6984	45.6984	182.794	182.794	0 18308.3 8095.42 	26403.7	0.00209159	0.000146837	1050	1050	1050	0 157730 78243 	235973	6.48101	6.5039	12399	666.612	0.165686	0	1.02	1.02
159	0.00200129	9.03004e-05	1287.23	1050	105	725.115	45.7111	45.7111	182.844	182.844	0 18307.2 8096.37 	26403.6	0.00209159	0.000146837	1050	1050	1050	0 157731 78243.4 	235974	6.481	6.5039	12399	666.612	0.165688	0	1.02	1.02
160	0.00200129	9.02996e-05	1287.22	1050	105	724.977	45.7238	45.7238	182.895	182.895	0 18306.2 8097.32 	26403.5	0.00209159	0.000146837	1050	1050	1050	0 157732 78243.9 	235975	6.48099	6.5039	12399	666.612	0.16569	0	1.02	1.02
161	0.00200129	9.02989e-05	1287.21	1050	105	724.84	45.7365	45.7365	182.946	182.946	0 18305.1 8098.28 	26403.4	0.00209159	0.000146837	1050	1050	1050	0 157732 78244.2 	235977	6.48098	6.5039	12399	666.612	0.165692	0	1.02	1.02
162	0.00200129	9.02983e-05	1287.2	1050	105	724.704	45.7492	45.7492	182.997	182.997	0 18304.1 8099.24 	26403.3	0.00209159	0.000146837	1050	1050	1050	0 157733 78244.6 	235978	6.48097	6.5039	12399	666.612	0.165694	0	1.02	1.02
163	0.00200129	9.02977e-05	1287.19	1050	105	724.569	45.7619	45.7619	183.048	183.048	0 18303 8100.21 	26403.2	0.00209159	0.000146837	1050	1050	1050	0 157734 78245 	235979	6.48097	6.5039	12399	666.612	0.165695	0	1.02	1.02
164	0.00200129	9.02971e-05	1287.18	1050	105	724.434	45.7747	45.7747	183.099	183.099	0 18302 8101.17 	26403.2	0.00209159	0.000146837	1050	1050	1050	0 157735 78245.4 	235980	6.48096	6.5039	12399	666.612	0.165697	0	1.02	1.02
165	0.00200129	9.02966e-05	1287.17	1050	105	724.3	45.7874	45.7874	183.15	183.15	0 18301 8102.15 	26403.1	0.00209159	0.000146837	1050	1050	1050	0 157735 78245.8 	235981	6.48096	6.5039	12399	666.612	0.165699	0	1.02	1.02
166	0.00200129	9.02962e-05	1287.17	1050	105	724.166	45.8001	45.8001	183.201	183.201	0 18300 8103.12 	26403.1	0.00209159	0.000146837	1050	1050	1050	0 157736 78246.1 	235982	6.48095	6.5039	12399	666.612	0.165701	0	1.02	1.02
167	0.00200129	9.02958e-05	1287.16	1050	105	724.034	45.8129	45.8129	183.252	183.252	0 18298.9 8104.1 	26403	0.00209159	0.000146837	1050	1050	1050	0 157737 78246.5 	235983	6.48095	6.5039	12399	666.612	0.165703	0	1.02	1.02
168	0.00200129	9.02955e-05	1287.16	1050	105	723.902	45.8257	45.8257	183.303	183.303	0 18297.9 8105.08 	26403	0.00209159	0.000146837	1050	1050	1050	0 157738 78246.8 	235984	6.48094	6.5039	12399	666.612	0.165704	0	1.02	1.02
169	0.00200129	9.02953e-05	1287.15	1050	105	723.771	45.8384	45.8384	183.354	183.354	0 18296.9 8106.07 	26403	0.00209159	0.000146837	1050	1050	1050	0 157738 78247.2 	235985	6.48094	6.5039	12399	666.612	0.165706	0	1.02	1.02
170	0.00200129	9.02951e-05	1287.15	1050	105	723.64	45.8512	45.8512	183.405	183.405	0 18295.9 8107.06 	26402.9	0.00209159	0.000146837	1050	1050	1050	0 157739 78247.5 	235986	6.48094	6.5039	12399	666.612	0.165708	0	1.02	1.02
171	0.00200129	9.02949e-05	1287.15	1050	105	723.51	45.864	45.864	183.456	183.456	0 18294.9 8108.05 	26402.9	0.00209159	0.000146837	1050	1050	1050	0 157740 78247.8 	235987	6.48093	6.5039	12399	666.612	0.16571	0	1.02	1.02
172	0.00200129	9.02948e-05	1287.15	1050	105	723.381	45.8767	45.8767	183.507	183.507	0 18293.9 8109.05 	26402.9	0.00209159	0.000146837	1050	1050	1050	0 157740 78248.1 	235988	6.48093	6.5039	12399	666.612	0.165712	0	1.02	1.02
173	0.00200129	9.02948e-05	1287.15	1050	105	723.253	45.8895	45.8895	183.558	183.558	0 18292.9 8110.05 	26402.9	0.00209159	0.000146837	1050	1050	1050	0 157741 78248.5 	235989	6.48093	6.5039	12399	666.612	0.165713	0	1.02	1.02
174	0.00200129	9.02948e-05	1287.15	1050	105	723.125	45.9023	45.9023	183.609	183.609	0 18291.9 8111.05 	26402.9	0.00209159	0.000146837	1050	1050	1050	0 157742 78248.8 	235990	6.48093	6.5039	12399	666.612	0.165715	0	1.02	1.02
175	0.00200129	9.02948e-05	1287.15	1050	105	722.998	45.9151	45.9151	183.66	183.66	0 18290.9 8112.05 	26402.9	0.00209159	0.000146837	1050	1050	1050	0 157742 78249.1 	235991	6.48093	6.5039	12399	666.612	0.165717	0	1.02	1.02
176	0.00200129	9.02949e-05	1287.15	1050	105	722.872	45.9279	45.9279	183.712	183.712	0 18289.9 8113.06 	26402.9	0.00209159	0.000146837	1050	1050	1050	0 157743 78249.4 	235992	6.48093	6.5039	12399	666.612	0.165719	0	1.02	1.02
177	0.00200129	9.02951e-05	1287.15	1050	105	722.746	45.9407	45.9407	183.763	183.763	0 18288.9 8114.07 	26403	0.00209159	0.000146837	1050	1050	1050	0 157743 78249.6 	235993	6.48093	6.5039	12399	666.612	0.16572	0	1.02	1.02
178	0.00200129	9.02953e-05	1287.16	1050	105	722.621	45.9535	45.9535	183.814	183.814	0 18287.9 8115.08 	26403	0.00209159	0.000146837	1050	1050	1050	0 157744 78249.9 	235994	6.48093	6.5039	12399	666.612	0.165722	0	1.02	1.02
179	0.00200129	9.02956e-05	1287.16	1050	105	722.496	45.9663	45.9663	183.865	183.865	0 18286.9 8116.1 	26403	0.00209159	0.000146837	1050	1050	1050	0 157744 78250.2 	235995	6.48094	6.5039	12399	666.612	0.165724	0	1.02	1.02
180	0.00200129	9.02959e-05	1287.16	1050	105	722.373	45.9791	45.9791	183.916	183.916	0 18286 8117.12 	26403.1	0.00209159	0.000146837	1050	1050	1050	0 157745 78250.5 	235996	6.48094	6.5039	12399	666.612	0.165726	0	1.02	1.02
181	0.00200129	9.02962e-05	1287.17	1050	105	722.25	45.9919	45.9919	183.968	183.968	0 18285 8118.14 	26403.1	0.00209159	0.000146837	1050	1050	1050	0 157746 78250.7 	235996	6.48094	6.5039	12399	666.612	0.165727	0	1.02	1.02
182	0.00200129	9.02966e-05	1287.17	1050	105	722.127	46.0047	46.0047	184.019	184.019	0 18284 8119.17 	26403.2	0.00209159	0.000146837	1050	1050	1050	0 157746 78251 	235997	6.48094	6.5039	12399	666.612	0.165729	0	1.02	1.02
183	0.00200129	9.02971e-05	1287.18	1050	105	722.005	46.0175	46.0175	184.07	184.07	0 18283 8120.19 	26403.2	0.00209159	0.000146837	1050	1050	1050	0 157747 78251.2 	235998	6.48095	6.5039	12399	666.612	0.165731	0	1.02	1.02
184	0.00200129	9.02976e-05	1287.19	1050	105	721.884	46.0303	46.0303	184.121	184.121	0 18282.1 8121.22 	26403.3	0.00209159	0.000146837	1050	1050	1050	0 157747 78251.5 	235999	6.48095	6.5039	12399	666.612	0.165733	0	1.02	1.02
185	0.00200129	9.02981e-05	1287.2	1050	105	721.764	46.0431	46.0431	184.173	184.173	0 18281.1 8122.25 	26403.4	0.00209159	0.000146837	1050	1050	1050	0 157748 78251.7 	235999	6.48096	6.5039	12399	666.612	0.165734	0	1.02	1.02
186	0.00200129	9.02987e-05	1287.2	1050	105	721.644	46.056	46.056	184.224	184.224	0 18280.2 8123.29 	26403.4	0.00209159	0.000146837	1050	1050	1050	0 157748 78252 	236000	6.48096	6.5039	12399	666.612	0.165736	0	1.02	1.02
187	0.00200129	9.02994e-05	1287.21	1050	105	721.525	46.0688	46.0688	184.275	184.275	0 18279.2 8124.33 	26403.5	0.00209159	0.000146837	1050	1050	1050	0 157749 78252.2 	236001	6.48097	6.5039	12399	666.612	0.165738	0	1.02	1.02
188	0.00200129	9.03e-05	1287.22	1050	105	721.406	46.0816	46.0816	184.326	184.326	0 18278.3 8125.36 	26403.6	0.00209159	0.000146837	1050	1050	1050	0 157749 78252.4 	236001	6.48097	6.5039	12399	666.612	0.16574	0	1.02	1.02
189	0.00200129	9.03008e-05	1287.23	1050	105	721.288	46.0944	46.0944	184.378	184.378	0 18277.3 8126.41 	26403.7	0.00209159	0.000146837	1050	1050	1050	0 157749 78252.6 	236002	6.48098	6.5039	12399	666.612	0.165741	0	1.02	1.02
190	0.00200129	9.03015e-05	1287.24	1050	105	721.171	46.1072	46.1072	184.429	184.429	0 18276.4 8127.45 	26403.8	0.00209159	0.000146837	1050	1050	1050	0 157750 78252.8 	236003	6.48099	6.5039	12399	666.612	0.165743	0	1.02	1.02
191	0.00200129	9.03024e-05	1287.25	1050	105	721.054	46.12	46.12	184.48	184.48	0 18275.4 8128.5 	26403.9	0.00209159	0.000146837	1050	1050	1050	0 157750 78253 	236003	6.481	6.5039	12399	666.612	0.165745	0	1.02	1.02
192	0.00200129	9.03032e-05	1287.27	1050	105	720.938	46.1328	46.1328	184.531	184.531	0 18274.5 8129.54 	26404	0.00209159	0.000146837	1050	1050	1050	0 157751 78253.2 	236004	6.481	6.5039	12399	666.612	0.165746	0	1.02	1.02
193	0.00200129	9.03041e-05	1287.28	1050	105	720.823	46.1456	46.1456	184.583	184.583	0 18273.5 8130.59 	26404.1	0.00209159	0.000146837	1050	1050	1050	0 157751 78253.4 	236004	6.48101	6.5039	12399	666.612	0.165748	0	1.02	1.02
194	0.00200129	9.03051e-05	1287.29	1050	105	720.708	46.1585	46.1585	184.634	184.634	0 18272.6 8131.65 	26404.3	0.00209159	0.000146837	1050	1050	1050	0 157751 78253.6 	236005	6.48102	6.5039	12399	666.612	0.16575	0	1.02	1.02
195	0.00200128	9.0306e-05	1287.31	1050	105	720.593	46.1713	46.1713	184.685	184.685	0 18271.7 8132.7 	26404.4	0.00209159	0.000146837	1050	1050	1050	0 157752 78253.8 	236006	6.48103	6.5039	12399	666.612	0.165751	0	1.02	1.02
196	0.00200128	9.03071e-05	1287.32	1050	105	720.48	46.1841	46.1841	184.736	184.736	0 18270.8 8133.76 	26404.5	0.00209159	0.000146837	1050	1050	1050	0 157752 78254 	236006	6.48104	6.5039	12399	666.612	0.165753	0	1.02	1.02
197	0.00200128	9.03081e-05	1287.34	1050	105	720.366	46.1969	46.1969	184.788	184.788	0 18269.8 8134.82 	26404.7	0.00209159	0.000146837	1050	1050	1050	0 157753 78254.1 	236007	6.48105	6.5039	12399	666.612	0.165755	0	1.02	1.02
198	0.00200128	9.03092e-05	1287.35	1050	105	720.254	46.2097	46.2097	184.839	184.839	0 18268.9 8135.88 	26404.8	0.00209159	0.000146837	1050	1050	1050	0 157753 78254.3 	236007	6.48106	6.5039	12399	666.612	0.165757	0	1.02	1.02
199	0.00200128	9.03104e-05	1287.37	1050	105	720.142	46.2225	46.2225	184.89	184.89	0 18268 8136.94 	26404.9	0.00209159	0.000146837	1050	1050	1050	0 157753 78254.5 	236008	6.48107	6.5039	12399	666.612	0.165758	0	1.02	1.02
200	0.00200128	9.03116e-05	1287.38	1050	105	720.03	46.2353	46.2353	184.941	184.941	0 18267.1 8138 	26405.1	0.00209159	0.000146837	1050	1050	1050	0 157754 78254.6 	236008	6.48108	6.5039	12399	666.612	0.16576	0	1.02	1.02
201	0.00200128	9.03128e-05	1287.4	1050	105	719.92	46.2481	46.2481	184.992	184.992	0 18266.2 8139.07 	26405.3	0.00209159	0.000146837	1050	1050	1050	0 157754 78254.8 	236009	6.48109	6.5039	12399	666.612	0.165762	0	1.02	1.02
202	0.00200128	9.03141e-05	1287.42	1050	105	719.809	46.2609	46.2609	185.043	185.043	0 18265.3 8140.13 	26405.4	0.00209159	0.000146837	1050	1050	1050	0 157754 78254.9 	236009	6.48111	6.5039	12399	666.612	0.165763	0	1.02	1.02
203	0.00200128	9.03154e-05	1287.44	1050	105	719.7	46.2737	46.2737	185.095	185.095	0 18264.4 8141.2 	26405.6	0.00209159	0.000146837	1050	1050	1050	0 157754 78255.1 	236009	6.48112	6.5039	12399	666.612	0.165765	0	1.02	1.02
204	0.00200127	9.03167e-05	1287.45	1050	105	719.59	46.2864	46.2864	185.146	185.146	0 18263.5 8142.27 	26405.7	0.00209159	0.000146837	1050	1050	1050	0 157755 78255.2 	236010	6.48113	6.5039	12399	666.612	0.165766	0	1.02	1.02
205	0.00200127	9.03181e-05	1287.47	1050	105	719.482	46.2992	46.2992	185.197	185.197	0 18262.6 8143.35 	26405.9	0.00209159	0.000146837	1050	1050	1050	0 157755 78255.3 	236010	6.48114	6.5039	12399	666.612	0.165768	0	1.02	1.02
206	0.00200127	9.03195e-05	1287.49	1050	105	719.374	46.312	46.312	185.248	185.248	0 18261.7 8144.42 	26406.1	0.00209159	0.000146837	1050	1050	1050	0 157755 78255.5 	236011	6.48116	6.5039	12399	666.612	0.16577	0	1.02	1.02
207	0.00200127	9.0321e-05	1287.51	1050	105	719.266	46.3248	46.3248	185.299	185.299	0 18260.8 8145.5 	26406.3	0.00209159	0.000146837	1050	1050	1050	0 157755 78255.6 	236011	6.48117	6.5039	12399	666.612	0.165771	0	1.02	1.02
208	0.00200127	9.03224e-05	1287.53	1050	105	719.159	46.3375	46.3375	185.35	185.35	0 18259.9 8146.57 	26406.5	0.00209159	0.000146837	1050	1050	1050	0 157756 78255.7 	236011	6.48118	6.5039	12399	666.612	0.165773	0	1.02	1.02
209	0.00200127	9.0324e-05	1287.56	1050	105	719.053	46.3503	46.3503	185.401	185.401	0 18259 8147.65 	26406.7	0.00209159	0.000146837	1050	1050	1050	0 157756 78255.8 	236012	6.4812	6.5039	12399	666.612	0.165775	0	1.02	1.02
210	0.00200127	9.03255e-05	1287.58	1050	105	718.947	46.3631	46.3631	185.452	185.452	0 18258.1 8148.73 	26406.9	0.00209159	0.000146837	1050	1050	1050	0 157756 78255.9 	236012	6.48121	6.5039	12399	666.612	0.165776	0	1.02	1.02
211	0.00200126	9.03271e-05	1287.6	1050	105	718.842	46.3758	46.3758	185.503	185.503	0 18257.3 8149.81 	26407.1	0.00209159	0.000146837	1050	1050	1050	0 157756 78256 	236012	6.48123	6.5039	12399	666.612	0.165778	0	1.02	1.02
212	0.00200126	9.03287e-05	1287.62	1050	105	718.737	46.3886	46.3886	185.554	185.554	0 18256.4 8150.89 	26407.3	0.00209159	0.000146837	1050	1050	1050	0 157757 78256.1 	236013	6.48125	6.5039	12399	666.612	0.16578	0	1.02	1.02
213	0.00200126	9.03304e-05	1287.65	1050	105	718.633	46.4013	46.4013	185.605	185.605	0 18255.5 8151.98 	26407.5	0.00209159	0.000146837	1050	1050	1050	0 157757 78256.2 	236013	6.48126	6.5039	12399	666.612	0.165781	0	1.02	1.02
214	0.00200126	9.03321e-05	1287.67	1050	105	718.529	46.414	46.414	185.656	185.656	0 18254.6 8153.06 	26407.7	0.00209159	0.000146837	1050	1050	1050	0 157757 78256.3 	236013	6.48128	6.5039	12399	666.612	0.165783	0	1.02	1.02
215	0.00200126	9.03338e-05	1287.69	1050	105	718.426	46.4268	46.4268	185.707	185.707	0 18253.8 8154.15 	26407.9	0.00209159	0.000146837	1050	1050	1050	0 157757 78256.4 	236014	6.48129	6.5039	12399	666.612	0.165784	0	1.02	1.02
216	0.00200126	9.03356e-05	1287.72	1050	105	718.323	46.4395	46.4395	185.758	185.758	0 18252.9 8155.24 	26408.1	0.00209159	0.000146837	1050	1050	1050	0 157757 78256.5 	236014	6.48131	6.5039	12399	666.612	0.165786	0	1.02	1.02
217	0.00200125	9.03374e-05	1287.74	1050	105	718.221	46.4522	46.4522	185.809	185.809	0 18252 8156.32 	26408.4	0.00209159	0.000146837	1050	1050	1050	0 157757 78256.6 	236014	6.48133	6.5039	12399	666.612	0.165788	0	1.02	1.02
218	0.00200125	9.03392e-05	1287.77	1050	105	718.119	46.4649	46.4649	185.86	185.86	0 18251.2 8157.41 	26408.6	0.00209159	0.000146837	1050	1050	1050	0 157758 78256.6 	236014	6.48135	6.5039	12399	666.612	0.165789	0	1.02	1.02
219	0.00200125	9.03411e-05	1287.79	1050	105	718.018	46.4776	46.4776	185.911	185.911	0 18250.3 8158.5 	26408.8	0.00209159	0.000146837	1050	1050	1050	0 157758 78256.7 	236014	6.48136	6.5039	12399	666.612	0.165791	0	1.02	1.02
220	0.00200125	9.03429e-05	1287.82	1050	105	717.918	46.4903	46.4903	185.961	185.961	0 18249.5 8159.6 	26409.1	0.00209159	0.000146837	1050	1050	1050	0 157758 78256.8 	236015	6.48138	6.5039	12399	666.612	0.165792	0	1.02	1.02
221	0.00200125	9.03449e-05	1287.85	1050	105	717.817	46.503	46.503	186.012	186.012	0 18248.6 8160.69 	26409.3	0.00209159	0.000146837	1050	1050	1050	0 157758 78256.8 	236015	6.4814	6.5039	12399	666.612	0.165794	0	1.02	1.02
222	0.00200124	9.03468e-05	1287.87	1050	105	717.718	46.5157	46.5157	186.063	186.063	0 18247.8 8161.78 	26409.6	0.00209159	0.000146837	1050	1050	1050	0 157758 78256.9 	236015	6.48142	6.5039	12399	666.612	0.165796	0	1.02	1.02
223	0.00200124	9.03488e-05	1287.9	1050	105	717.619	46.5284	46.5284	186.114	186.114	0 18246.9 8162.88 	26409.8	0.00209159	0.000146837	1050	1050	1050	0 157758 78257 	236015	6.48144	6.5039	12399	666.612	0.165797	0	1.02	1.02
224	0.00200124	9.03508e-05	1287.93	1050	105	717.52	46.5411	46.5411	186.164	186.164	0 18246.1 8163.97 	26410.1	0.00209159	0.000146837	1050	1050	1050	0 157758 78257 	236015	6.48146	6.5039	12399	666.612	0.165799	0	1.02	1.02
225	0.00200124	9.03529e-05	1287.96	1050	105	717.422	46.5537	46.5537	186.215	186.215	0 18245.3 8165.07 	26410.3	0.00209159	0.000146837	1050	1050	1050	0 157758 78257 	236015	6.48148	6.5039	12399	666.612	0.1658	0	1.02	1.02
226	0.00200124	9.03549e-05	1287.99	1050	105	717.324	46.5664	46.5664	186.265	186.265	0 18244.4 8166.17 	26410.6	0.00209159	0.000146837	1050	1050	1050	0 157758 78257.1 	236016	6.4815	6.5039	12399	666.612	0.165802	0	1.02	1.02
227	0.00200123	9.0357e-05	1288.02	1050	105	717.227	46.579	46.579	186.316	186.316	0 18243.6 8167.26 	26410.9	0.00209159	0.000146837	1050	1050	1050	0 157759 78257.1 	236016	6.48152	6.5039	12399	666.612	0.165803	0	1.02	1.02
228	0.00200123	9.03591e-05	1288.05	1050	105	717.13	46.5917	46.5917	186.367	186.367	0 18242.8 8168.36 	26411.1	0.00209159	0.000146837	1050	1050	1050	0 157759 78257.2 	236016	6.48154	6.5039	12399	666.612	0.165805	0	1.02	1.02
229	0.00200123	9.03613e-05	1288.08	1050	105	717.034	46.6043	46.6043	186.417	186.417	0 18241.9 8169.46 	26411.4	0.00209159	0.000146837	1050	1050	1050	0 157759 78257.2 	236016	6.48156	6.5039	12399	666.612	0.165807	0	1.02	1.02
230	0.00200123	9.03635e-05	1288.11	1050	105	716.938	46.6169	46.6169	186.468	186.468	0 18241.1 8170.56 	26411.7	0.00209159	0.000146837	1050	1050	1050	0 157759 78257.2 	236016	6.48158	6.5039	12399	666.612	0.165808	0	1.02	1.02
231	0.00200123	9.03657e-05	1288.14	1050	105	716.843	46.6295	46.6295	186.518	186.518	0 18240.3 8171.66 	26412	0.00209159	0.000146837	1050	1050	1050	0 157759 78257.2 	236016	6.4816	6.5039	12399	666.612	0.16581	0	1.02	1.02
232	0.00200122	9.03679e-05	1288.17	1050	105	716.748	46.6421	46.6421	186.568	186.568	0 18239.5 8172.76 	26412.2	0.00209159	0.000146837	1050	1050	1050	0 157759 78257.3 	236016	6.48162	6.5039	12399	666.612	0.165811	0	1.02	1.02
233	0.00200122	9.03702e-05	1288.2	1050	105	716.654	46.6547	46.6547	186.619	186.619	0 18238.7 8173.87 	26412.5	0.00209159	0.000146837	1050	1050	1050	0 157759 78257.3 	236016	6.48165	6.5039	12399	666.612	0.165813	0	1.02	1.02
234	0.00200122	9.03725e-05	1288.23	1050	105	716.56	46.6673	46.6673	186.669	186.669	0 18237.8 8174.97 	26412.8	0.00209159	0.000146837	1050	1050	1050	0 157759 78257.3 	236016	6.48167	6.5039	12399	666.612	0.165814	0	1.02	1.02
235	0.00200122	9.03748e-05	1288.27	1050	105	716.466	46.6799	46.6799	186.719	186.719	0 18237 8176.07 	26413.1	0.00209159	0.000146837	1050	1050	1050	0 157759 78257.3 	236016	6.48169	6.5039	12399	666.612	0.165816	0	1.02	1.02
236	0.00200121	9.03771e-05	1288.3	1050	105	716.373	46.6924	46.6924	186.77	186.77	0 18236.2 8177.18 	26413.4	0.00209159	0.000146837	1050	1050	1050	0 157759 78257.3 	236016	6.48171	6.5039	12399	666.612	0.165817	0	1.02	1.02
237	0.00200121	9.03795e-05	1288.33	1050	105	716.281	46.705	46.705	186.82	186.82	0 18235.4 8178.28 	26413.7	0.00209159	0.000146837	1050	1050	1050	0 157759 78257.3 	236016	6.48174	6.5039	12399	666.612	0.165819	0	1.02	1.02
238	0.00200121	9.03819e-05	1288.36	1050	105	716.189	46.7175	46.7175	186.87	186.87	0 18234.6 8179.38 	26414	0.00209159	0.000146837	1050	1050	1050	0 157759 78257.3 	236016	6.48176	6.5039	12399	666.612	0.16582	0	1.02	1.02
239	0.00200121	9.03843e-05	1288.4	1050	105	716.097	46.7301	46.7301	186.92	186.92	0 18233.8 8180.49 	26414.3	0.00209159	0.000146837	1050	1050	1050	0 157759 78257.3 	236016	6.48178	6.5039	12399	666.612	0.165822	0	1.02	1.02
240	0.0020012	9.03868e-05	1288.43	1050	105	716.006	46.7426	46.7426	186.97	186.97	0 18233 8181.59 	26414.6	0.00209159	0.000146837	1050	1050	1050	0 157759 78257.3 	236016	6.48181	6.5039	12399	666.612	0.165823	0	1.02	1.02
241	0.0020012	9.03892e-05	1288.47	1050	105	715.915	46.7551	46.7551	187.02	187.02	0 18232.2 8182.7 	26414.9	0.00209159	0.000146837	1050	1050	1050	0 157759 78257.3 	236016	6.48183	6.5039	12399	666.612	0.165825	0	1.02	1.02
242	0.0020012	9.03917e-05	1288.5	1050	105	715.825	46.7676	46.7676	187.07	187.07	0 18231.4 8183.81 	26415.2	0.00209159	0.000146837	1050	1050	1050	0 157759 78257.2 	236016	6.48185	6.5039	12399	666.612	0.165827	0	1.02	1.02
243	0.0020012	9.03942e-05	1288.54	1050	105	715.735	46.7801	46.7801	187.12	187.12	0 18230.6 8184.91 	26415.6	0.00209159	0.000146837	1050	1050	1050	0 157759 78257.2 	236016	6.48188	6.5039	12399	666.612	0.165828	0	1.02	1.02
244	0.00200119	9.03968e-05	1288.57	1050	105	715.645	46.7926	46.7926	187.17	187.17	0 18229.9 8186.02 	26415.9	0.00209159	0.000146837	1050	1050	1050	0 157759 78257.2 	236016	6.4819	6.5039	12399	666.612	0.16583	0	1.02	1.02
245	0.00200119	9.03993e-05	1288.61	1050	105	715.556	46.8051	46.8051	187.22	187.22	0 18229.1 8187.13 	26416.2	0.00209159	0.000146837	1050	1050	1050	0 157759 78257.2 	236016	6.48193	6.5039	12399	666.612	0.165831	0	1.02	1.02
246	0.00200119	9.04019e-05	1288.64	1050	105	715.468	46.8175	46.8175	187.27	187.27	0 18228.3 8188.23 	26416.5	0.00209159	0.000146837	1050	1050	1050	0 157759 78257.1 	236016	6.48195	6.5039	12399	666.612	0.165833	0	1.02	1.02
247	0.00200119	9.04045e-05	1288.68	1050	105	715.38	46.83	46.83	187.32	187.32	0 18227.5 8189.34 	26416.9	0.00209159	0.000146837	1050	1050	1050	0 157759 78257.1 	236016	6.48198	6.5039	12399	666.612	0.165834	0	1.02	1.02
248	0.00200118	9.04072e-05	1288.72	1050	105	715.292	46.8424	46.8424	187.37	187.37	0 18226.7 8190.45 	26417.2	0.00209159	0.000146837	1050	1050	1050	0 157758 78257.1 	236016	6.48201	6.5039	12399	666.612	0.165835	0	1.02	1.02
249	0.00200118	9.04098e-05	1288.75	1050	105	715.204	46.8549	46.8549	187.419	187.419	0 18226 8191.56 	26417.5	0.00209159	0.000146837	1050	1050	1050	0 157758 78257 	236015	6.48203	6.5039	12399	666.612	0.165837	0	1.02	1.02
250	0.00200118	9.04125e-05	1288.79	1050	105	715.118	46.8673	46.8673	187.469	187.469	0 18225.2 8192.66 	26417.9	0.00209159	0.000146837	1050	1050	1050	0 157758 78257 	236015	6.48206	6.5039	12399	666.612	0.165838	0	1.02	1.02
251	0.00200118	9.04152e-05	1288.83	1050	105	715.031	46.8797	46.8797	187.519	187.519	0 18224.4 8193.77 	26418.2	0.00209159	0.000146837	1050	1050	1050	0 157758 78257 	236015	6.48208	6.5039	12399	666.612	0.16584	0	1.02	1.02
252	0.00200117	9.04179e-05	1288.87	1050	105	714.945	46.8921	46.8921	187.568	187.568	0 18223.7 8194.88 	26418.5	0.00209159	0.000146837	1050	1050	1050	0 157758 78256.9 	236015	6.48211	6.5039	12399	666.612	0.165841	0	1.02	1.02
253	0.00200117	9.04206e-05	1288.9	1050	105	714.859	46.9044	46.9044	187.618	187.618	0 18222.9 8195.99 	26418.9	0.00209159	0.000146837	1050	1050	1050	0 157758 78256.9 	236015	6.48214	6.5039	12399	666.612	0.165843	0	1.02	1.02
254	0.00200117	9.04234e-05	1288.94	1050	105	714.774	46.9168	46.9168	187.667	187.667	0 18222.1 8197.1 	26419.2	0.00209159	0.000146837	1050	1050	1050	0 157758 78256.8 	236015	6.48216	6.5039	12399	666.612	0.165844	0	1.02	1.02
255	0.00200116	9.04262e-05	1288.98	1050	105	714.689	46.9292	46.9292	187.717	187.717	0 18221.4 8198.2 	26419.6	0.00209159	0.000146837	1050	1050	1050	0 157758 78256.7 	236015	6.48219	6.5039	12399	666.612	0.165846	0	1.02	1.02
256	0.00200116	9.0429e-05	1289.02	1050	105	714.605	46.9415	46.9415	187.766	187.766	0 18220.6 8199.31 	26419.9	0.00209159	0.000146837	1050	1050	1050	0 157758 78256.7 	236014	6.48222	6.5039	12399	666.612	0.165847	0	1.02	1.02
257	0.00200116	9.04318e-05	1289.06	1050	105	714.521	46.9538	46.9538	187.815	187.815	0 18219.9 8200.42 	26420.3	0.00209159	0.000146837	1050	1050	1050	0 157758 78256.6 	236014	6.48225	6.5039	12399	666.612	0.165849	0	1.02	1.02
258	0.00200116	9.04346e-05	1289.1	1050	105	714.437	46.9662	46.9662	187.865	187.865	0 18219.1 8201.53 	26420.7	0.00209159	0.000146837	1050	1050	1050	0 157757 78256.6 	236014	6.48227	6.5039	12399	666.612	0.16585	0	1.02	1.02
259	0.00200115	9.04375e-05	1289.14	1050	105	714.354	46.9785	46.9785	187.914	187.914	0 18218.4 8202.64 	26421	0.00209159	0.000146837	1050	1050	1050	0 157757 78256.5 	236014	6.4823	6.5039	12399	666.612	0.165852	0	1.02	1.02
260	0.00200115	9.04403e-05	1289.18	1050	105	714.271	46.9908	46.9908	187.963	187.963	0 18217.6 8203.74 	26421.4	0.00209159	0.000146837	1050	1050	1050	0 157757 78256.4 	236014	6.48233	6.5039	12399	666.612	0.165853	0	1.02	1.02
261	0.00200115	9.04432e-05	1289.22	1050	105	714.188	47.003	47.003	188.012	188.012	0 18216.9 8204.85 	26421.7	0.00209159	0.000146837	1050	1050	1050	0 157757 78256.4 	236013	6.48236	6.5039	12399	666.612	0.165854	0	1.02	1.02
262	0.00200114	9.04461e-05	1289.26	1050	105	714.106	47.0153	47.0153	188.061	188.061	0 18216.1 8205.96 	26422.1	0.00209159	0.000146837	1050	1050	1050	0 157757 78256.3 	236013	6.48239	6.5039	12399	666.612	0.165856	0	1.02	1.02
263	0.00200114	9.04491e-05	1289.3	1050	105	714.024	47.0276	47.0276	188.11	188.11	0 18215.4 8207.07 	26422.5	0.00209159	0.000146837	1050	1050	1050	0 157757 78256.2 	236013	6.48241	6.5039	12399	666.612	0.165857	0	1.02	1.02
264	0.00200114	9.0452e-05	1289.34	1050	105	713.943	47.0398	47.0398	188.159	188.159	0 18214.7 8208.17 	26422.8	0.00209159	0.000146837	1050	1050	1050	0 157757 78256.1 	236013	6.48244	6.5039	12399	666.612	0.165859	0	1.02	1.02
265	0.00200114	9.0455e-05	1289.38	1050	105	713.862	47.052	47.052	188.208	188.208	0 18213.9 8209.28 	26423.2	0.00209159	0.000146837	1050	1050	1050	0 157756 78256 	236012	6.48247	6.5039	12399	666.612	0.16586	0	1.02	1.02
266	0.00200113	9.04579e-05	1289.42	1050	105	713.781	47.0642	47.0642	188.257	188.257	0 18213.2 8210.39 	26423.6	0.00209159	0.000146837	1050	1050	1050	0 157756 78255.9 	236012	6.4825	6.5039	12399	666.612	0.165862	0	1.02	1.02
267	0.00200113	9.04609e-05	1289.47	1050	105	713.701	47.0764	47.0764	188.306	188.306	0 18212.5 8211.49 	26424	0.00209159	0.000146837	1050	1050	1050	0 157756 78255.9 	236012	6.48253	6.5039	12399	666.612	0.165863	0	1.02	1.02
268	0.00200113	9.0464e-05	1289.51	1050	105	713.621	47.0886	47.0886	188.355	188.355	0 18211.8 8212.6 	26424.4	0.00209159	0.000146837	1050	1050	1050	0 157756 78255.8 	236012	6.48256	6.5039	12399	666.612	0.165864	0	1.02	1.02
269	0.00200112	9.0467e-05	1289.55	1050	105	713.542	47.1008	47.1008	188.403	188.403	0 18211 8213.7 	26424.7	0.00209159	0.000146837	1050	1050	1050	0 157756 78255.7 	236011	6.48259	6.5039	12399	666.612	0.165866	0	1.02	1.02
270	0.00200112	9.047e-05	1289.59	1050	105	713.463	47.113	47.113	188.452	188.452	0 18210.3 8214.81 	26425.1	0.00209159	0.000146837	1050	1050	1050	0 157755 78255.6 	236011	6.48262	6.5039	12399	666.612	0.165867	0	1.02	1.02
271	0.00200112	9.04731e-05	1289.63	1050	105	713.384	47.1251	47.1251	188.5	188.5	0 18209.6 8215.91 	26425.5	0.00209159	0.000146837	1050	1050	1050	0 157755 78255.5 	236011	6.48265	6.5039	12399	666.612	0.165869	0	1.02	1.02
272	0.00200111	9.04762e-05	1289.68	1050	105	713.306	47.1372	47.1372	188.549	188.549	0 18208.9 8217.02 	26425.9	0.00209159	0.000146837	1050	1050	1050	0 157755 78255.4 	236010	6.48268	6.5039	12399	666.612	0.16587	0	1.02	1.02
273	0.00200111	9.04793e-05	1289.72	1050	105	713.228	47.1493	47.1493	188.597	188.597	0 18208.2 8218.12 	26426.3	0.00209159	0.000146837	1050	1050	1050	0 157755 78255.3 	236010	6.48271	6.5039	12399	666.612	0.165872	0	1.02	1.02
274	0.00200111	9.04824e-05	1289.76	1050	105	713.15	47.1614	47.1614	188.646	188.646	0 18207.5 8219.23 	26426.7	0.00209159	0.000146837	1050	1050	1050	0 157755 78255.2 	236010	6.48274	6.5039	12399	666.612	0.165873	0	1.02	1.02
275	0.0020011	9.04855e-05	1289.81	1050	105	713.073	47.1735	47.1735	188.694	188.694	0 18206.7 8220.33 	26427.1	0.00209159	0.000146837	1050	1050	1050	0 157754 78255.1 	236009	6.48277	6.5039	12399	666.612	0.165874	0	1.02	1.02
276	0.0020011	9.04886e-05	1289.85	1050	105	712.996	47.1856	47.1856	188.742	188.742	0 18206 8221.43 	26427.5	0.00209159	0.000146837	1050	1050	1050	0 157754 78255 	236009	6.4828	6.5039	12399	666.612	0.165876	0	1.02	1.02
277	0.0020011	9.04918e-05	1289.9	1050	105	712.919	47.1977	47.1977	188.791	188.791	0 18205.3 8222.53 	26427.9	0.00209159	0.000146837	1050	1050	1050	0 157754 78254.8 	236009	6.48283	6.5039	12399	666.612	0.165877	0	1.02	1.02
278	0.0020011	9.0495e-05	1289.94	1050	105	712.843	47.2097	47.2097	188.839	188.839	0 18204.6 8223.64 	26428.3	0.00209159	0.000146837	1050	1050	1050	0 157754 78254.7 	236008	6.48286	6.5039	12399	666.612	0.165878	0	1.02	1.02
279	0.00200109	9.04982e-05	1289.98	1050	105	712.767	47.2217	47.2217	188.887	188.887	0 18203.9 8224.74 	26428.7	0.00209159	0.000146837	1050	1050	1050	0 157753 78254.6 	236008	6.48289	6.5039	12399	666.612	0.16588	0	1.02	1.02
280	0.00200109	9.05014e-05	1290.03	1050	105	712.691	47.2337	47.2337	188.935	188.935	0 18203.2 8225.84 	26429.1	0.00209159	0.000146837	1050	1050	1050	0 157753 78254.5 	236008	6.48293	6.5039	12399	666.612	0.165881	0	1.02	1.02
281	0.00200109	9.05046e-05	1290.07	1050	105	712.616	47.2457	47.2457	188.983	188.983	0 18202.5 8226.94 	26429.5	0.00209159	0.000146837	1050	1050	1050	0 157753 78254.4 	236007	6.48296	6.5039	12399	666.612	0.165883	0	1.02	1.02
282	0.00200108	9.05078e-05	1290.12	1050	105	712.541	47.2577	47.2577	189.031	189.031	0 18201.8 8228.04 	26429.9	0.00209159	0.000146837	1050	1050	1050	0 157753 78254.3 	236007	6.48299	6.5039	12399	666.612	0.165884	0	1.02	1.02
283	0.00200108	9.0511e-05	1290.16	1050	105	712.467	47.2697	47.2697	189.079	189.079	0 18201.2 8229.14 	26430.3	0.00209159	0.000146837	1050	1050	1050	0 157752 78254.1 	236007	6.48302	6.5039	12399	666.612	0.165885	0	1.02	1.02
284	0.00200108	9.05143e-05	1290.21	1050	105	712.392	47.2816	47.2816	189.127	189.127	0 18200.5 8230.23 	26430.7	0.00209159	0.000146837	1050	1050	1050	0 157752 78254 	236006	6.48305	6.5039	12399	666.612	0.165887	0	1.02	1.02
285	0.00200107	9.05175e-05	1290.25	1050	105	712.319	47.2936	47.2936	189.174	189.174	0 18199.8 8231.33 	26431.1	0.00209159	0.000146837	1050	1050	1050	0 157752 78253.9 	236006	6.48308	6.5039	12399	666.612	0.165888	0	1.02	1.02
286	0.00200107	9.05208e-05	1290.3	1050	105	712.245	47.3055	47.3055	189.222	189.222	0 18199.1 8232.43 	26431.5	0.00209159	0.000146837	1050	1050	1050	0 157752 78253.7 	236005	6.48312	6.5039	12399	666.612	0.165889	0	1.02	1.02
287	0.00200107	9.05241e-05	1290.35	1050	105	712.172	47.3174	47.3174	189.27	189.27	0 18198.4 8233.52 	26431.9	0.00209159	0.000146837	1050	1050	1050	0 157751 78253.6 	236005	6.48315	6.5039	12399	666.612	0.165891	0	1.02	1.02
288	0.00200106	9.05274e-05	1290.39	1050	105	712.099	47.3293	47.3293	189.317	189.317	0 18197.7 8234.62 	26432.3	0.00209159	0.000146837	1050	1050	1050	0 157751 78253.5 	236005	6.48318	6.5039	12399	666.612	0.165892	0	1.02	1.02
289	0.00200106	9.05307e-05	1290.44	1050	105	712.026	47.3411	47.3411	189.365	189.365	0 18197.1 8235.72 	26432.8	0.00209159	0.000146837	1050	1050	1050	0 157751 78253.3 	236004	6.48321	6.5039	12399	666.612	0.165893	0	1.02	1.02
290	0.00200106	9.05341e-05	1290.48	1050	105	711.954	47.353	47.353	189.412	189.412	0 18196.4 8236.81 	26433.2	0.00209159	0.000146837	1050	1050	1050	0 157751 78253.2 	236004	6.48325	6.5039	12399	666.612	0.165895	0	1.02	1.02
291	0.00200105	9.05374e-05	1290.53	1050	105	711.882	47.3648	47.3648	189.459	189.459	0 18195.7 8237.9 	26433.6	0.00209159	0.000146837	1050	1050	1050	0 157750 78253.1 	236003	6.48328	6.5039	12399	666.612	0.165896	0	1.02	1.02
292	0.00200105	9.05407e-05	1290.58	1050	105	711.811	47.3767	47.3767	189.507	189.507	0 18195 8239 	26434	0.00209159	0.000146837	1050	1050	1050	0 157750 78252.9 	236003	6.48331	6.5039	12399	666.612	0.165897	0	1.02	1.02
293	0.00200105	9.05441e-05	1290.62	1050	105	711.74	47.3885	47.3885	189.554	189.554	0 18194.4 8240.09 	26434.5	0.00209159	0.000146837	1050	1050	1050	0 157750 78252.8 	236002	6.48335	6.5039	12399	666.612	0.165899	0	1.02	1.02
294	0.00200104	9.05475e-05	1290.67	1050	105	711.669	47.4003	47.4003	189.601	189.601	0 18193.7 8241.18 	26434.9	0.00209159	0.000146837	1050	1050	1050	0 157749 78252.6 	236002	6.48338	6.5039	12399	666.612	0.1659	0	1.02	1.02
295	0.00200104	9.05509e-05	1290.72	1050	105	711.598	47.412	47.412	189.648	189.648	0 18193 8242.27 	26435.3	0.00209159	0.000146837	1050	1050	1050	0 157749 78252.5 	236002	6.48341	6.5039	12399	666.612	0.165901	0	1.02	1.02
296	0.00200104	9.05543e-05	1290.77	1050	105	711.528	47.4238	47.4238	189.695	189.695	0 18192.4 8243.36 	26435.7	0.00209159	0.000146837	1050	1050	1050	0 157749 78252.3 	236001	6.48345	6.5039	12399	666.612	0.165903	0	1.02	1.02
297	0.00200103	9.05577e-05	1290.81	1050	105	711.458	47.4355	47.4355	189.742	189.742	0 18191.7 8244.45 	26436.2	0.00209159	0.000146837	1050	1050	1050	0 157749 78252.2 	236001	6.48348	6.5039	12399	666.612	0.165904	0	1.02	1.02
298	0.00200103	9.05611e-05	1290.86	1050	105	711.388	47.4473	47.4473	189.789	189.789	0 18191.1 8245.53 	26436.6	0.00209159	0.000146837	1050	1050	1050	0 157748 78252 	236000	6.48351	6.5039	12399	666.612	0.165905	0	1.02	1.02
299	0.00200103	9.05645e-05	1290.91	1050	105	711.319	47.459	47.459	189.836	189.836	0 18190.4 8246.62 	26437	0.00209159	0.000146837	1050	1050	1050	0 157748 78251.9 	236000	6.48355	6.5039	12399	666.612	0.165907	0	1.02	1.02
300	0.00200102	9.05679e-05	1290.96	1050	105	711.25	47.4707	47.4707	189.883	189.883	0 18189.7 8247.71 	26437.5	0.00209159	0.000146837	1050	1050	1050	0 157748 78251.7 	235999	6.48358	6.5039	12399	666.612	0.165908	0	1.02	1.02
301	0.00200102	9.05714e-05	1291	1050	105	711.181	47.4823	47.4823	189.929	189.929	0 18189.1 8248.79 	26437.9	0.00209159	0.000146837	1050	1050	1050	0 157747 78251.6 	235999	6.48361	6.5039	12399	666.612	0.165909	0	1.02	1.02
302	0.00200101	9.05748e-05	1291.05	1050	105	711.112	47.494	47.494	189.976	189.976	0 18188.4 8249.88 	26438.3	0.00209159	0.000146837	1050	1050	1050	0 157747 78251.4 	235998	6.48365	6.5039	12399	666.612	0.165911	0	1.02	1.02
303	0.00200101	9.05783e-05	1291.1	1050	105	711.044	47.5056	47.5056	190.023	190.023	0 18187.8 8250.96 	26438.8	0.00209159	0.000146837	1050	1050	1050	0 157747 78251.2 	235998	6.48368	6.5039	12399	666.612	0.165912	0	1.02	1.02
304	0.00200101	9.05818e-05	1291.15	1050	105	710.976	47.5173	47.5173	190.069	190.069	0 18187.2 8252.04 	26439.2	0.00209159	0.000146837	1050	1050	1050	0 157746 78251.1 	235997	6.48372	6.5039	12399	666.612	0.165913	0	1.02	1.02
305	0.002001	9.05853e-05	1291.2	1050	105	710.909	47.5289	47.5289	190.116	190.116	0 18186.5 8253.12 	26439.6	0.00209159	0.000146837	1050	1050	1050	0 157746 78250.9 	235997	6.48375	6.5039	12399	666.612	0.165914	0	1.02	1.02
306	0.002001	9.05887e-05	1291.25	1050	105	710.842	47.5405	47.5405	190.162	190.162	0 18185.9 8254.21 	26440.1	0.00209159	0.000146837	1050	1050	1050	0 157746 78250.7 	235996	6.48378	6.5039	12399	666.612	0.165916	0	1.02	1.02
307	0.002001	9.05922e-05	1291.29	1050	105	710.775	47.552	47.552	190.208	190.208	0 18185.2 8255.28 	26440.5	0.00209159	0.000146837	1050	1050	1050	0 157745 78250.6 	235996	6.48382	6.5039	12399	666.612	0.165917	0	1.02	1.02
308	0.00200099	9.05958e-05	1291.34	1050	105	710.708	47.5636	47.5636	190.254	190.254	0 18184.6 8256.36 	26441	0.00209159	0.000146837	1050	1050	1050	0 157745 78250.4 	235995	6.48385	6.5039	12399	666.612	0.165918	0	1.02	1.02
309	0.00200099	9.05993e-05	1291.39	1050	105	710.642	47.5751	47.5751	190.301	190.301	0 18184 8257.44 	26441.4	0.00209159	0.000146837	1050	1050	1050	0 157745 78250.2 	235995	6.48389	6.5039	12399	666.612	0.16592	0	1.02	1.02
310	0.00200099	9.06028e-05	1291.44	1050	105	710.575	47.5867	47.5867	190.347	190.347	0 18183.3 8258.52 	26441.8	0.00209159	0.000146837	1050	1050	1050	0 157744 78250.1 	235994	6.48392	6.5039	12399	666.612	0.165921	0	1.02	1.02
311	0.00200098	9.06063e-05	1291.49	1050	105	710.51	47.5982	47.5982	190.393	190.393	0 18182.7 8259.59 	26442.3	0.00209159	0.000146837	1050	1050	1050	0 157744 78249.9 	235994	6.48396	6.5039	12399	666.612	0.165922	0	1.02	1.02
312	0.00200098	9.06099e-05	1291.54	1050	105	710.444	47.6096	47.6096	190.439	190.439	0 18182.1 8260.67 	26442.7	0.00209159	0.000146837	1050	1050	1050	0 157743 78249.7 	235993	6.48399	6.5039	12399	666.612	0.165923	0	1.02	1.02
313	0.00200098	9.06134e-05	1291.59	1050	105	710.379	47.6211	47.6211	190.484	190.484	0 18181.4 8261.74 	26443.2	0.00209159	0.000146837	1050	1050	1050	0 157743 78249.5 	235993	6.48403	6.5039	12399	666.612	0.165925	0	1.02	1.02
314	0.00200097	9.0617e-05	1291.64	1050	105	710.314	47.6326	47.6326	190.53	190.53	0 18180.8 8262.81 	26443.6	0.00209159	0.000146837	1050	1050	1050	0 157743 78249.4 	235992	6.48406	6.5039	12399	666.612	0.165926	0	1.02	1.02
315	0.00200097	9.06205e-05	1291.69	1050	105	710.249	47.644	47.644	190.576	190.576	0 18180.2 8263.88 	26444.1	0.00209159	0.000146837	1050	1050	1050	0 157742 78249.2 	235992	6.4841	6.5039	12399	666.612	0.165927	0	1.02	1.02
316	0.00200096	9.06241e-05	1291.74	1050	105	710.185	47.6554	47.6554	190.622	190.622	0 18179.6 8264.95 	26444.5	0.00209159	0.000146837	1050	1050	1050	0 157742 78249 	235991	6.48413	6.5039	12399	666.612	0.165928	0	1.02	1.02
317	0.00200096	9.06277e-05	1291.79	1050	105	710.121	47.6668	47.6668	190.667	190.667	0 18179 8266.02 	26445	0.00209159	0.000146837	1050	1050	1050	0 157742 78248.8 	235990	6.48417	6.5039	12399	666.612	0.16593	0	1.02	1.02
318	0.00200096	9.06313e-05	1291.84	1050	105	710.057	47.6782	47.6782	190.713	190.713	0 18178.3 8267.09 	26445.4	0.00209159	0.000146837	1050	1050	1050	0 157741 78248.6 	235990	6.4842	6.5039	12399	666.612	0.165931	0	1.02	1.02
319	0.00200095	9.06349e-05	1291.89	1050	105	709.993	47.6896	47.6896	190.758	190.758	0 18177.7 8268.16 	26445.9	0.00209159	0.000146837	1050	1050	1050	0 157741 78248.4 	235989	6.48424	6.5039	12399	666.612	0.165932	0	1.02	1.02
320	0.00200095	9.06385e-05	1291.94	1050	105	709.93	47.7009	47.7009	190.804	190.804	0 18177.1 8269.22 	26446.3	0.00209159	0.000146837	1050	1050	1050	0 157741 78248.3 	235989	6.48427	6.5039	12399	666.612	0.165933	0	1.02	1.02
321	0.00200095	9.06421e-05	1291.99	1050	105	709.867	47.7122	47.7122	190.849	190.849	0 18176.5 8270.29 	26446.8	0.00209159	0.000146837	1050	1050	1050	0 157740 78248.1 	235988	6.48431	6.5039	12399	666.612	0.165935	0	1.02	1.02
322	0.00200094	9.06457e-05	1292.04	1050	105	709.804	47.7235	47.7235	190.894	190.894	0 18175.9 8271.35 	26447.2	0.00209159	0.000146837	1050	1050	1050	0 157740 78247.9 	235988	6.48434	6.5039	12399	666.612	0.165936	0	1.02	1.02
323	0.00200094	9.06493e-05	1292.09	1050	105	709.742	47.7348	47.7348	190.939	190.939	0 18175.3 8272.41 	26447.7	0.00209159	0.000146837	1050	1050	1050	0 157739 78247.7 	235987	6.48438	6.5039	12399	666.612	0.165937	0	1.02	1.02
324	0.00200094	9.06529e-05	1292.14	1050	105	709.68	47.7461	47.7461	190.984	190.984	0 18174.7 8273.47 	26448.2	0.00209159	0.000146837	1050	1050	1050	0 157739 78247.5 	235987	6.48442	6.5039	12399	666.612	0.165938	0	1.02	1.02
325	0.00200093	9.06566e-05	1292.19	1050	105	709.618	47.7573	47.7573	191.029	191.029	0 18174.1 8274.53 	26448.6	0.00209159	0.000146837	1050	1050	1050	0 157739 78247.3 	235986	6.48445	6.5039	12399	666.612	0.16594	0	1.02	1.02
326	0.00200093	9.06602e-05	1292.24	1050	105	709.556	47.7686	47.7686	191.074	191.074	0 18173.5 8275.59 	26449.1	0.00209159	0.000146837	1050	1050	1050	0 157738 78247.1 	235985	6.48449	6.5039	12399	666.612	0.165941	0	1.02	1.02
327	0.00200092	9.06639e-05	1292.29	1050	105	709.495	47.7798	47.7798	191.119	191.119	0 18172.9 8276.65 	26449.5	0.00209159	0.000146837	1050	1050	1050	0 157738 78246.9 	235985	6.48452	6.5039	12399	666.612	0.165942	0	1.02	1.02
328	0.00200092	9.06675e-05	1292.34	1050	105	709.433	47.791	47.791	191.164	191.164	0 18172.3 8277.7 	26450	0.00209159	0.000146837	1050	1050	1050	0 157737 78246.7 	235984	6.48456	6.5039	12399	666.612	0.165943	0	1.02	1.02
329	0.00200092	9.06712e-05	1292.39	1050	105	709.373	47.8022	47.8022	191.209	191.209	0 18171.7 8278.76 	26450.5	0.00209159	0.000146837	1050	1050	1050	0 157737 78246.5 	235984	6.48459	6.5039	12399	666.612	0.165945	0	1.02	1.02
330	0.00200091	9.06748e-05	1292.45	1050	105	709.312	47.8133	47.8133	191.253	191.253	0 18171.1 8279.81 	26450.9	0.00209159	0.000146837	1050	1050	1050	0 157737 78246.3 	235983	6.48463	6.5039	12399	666.612	0.165946	0	1.02	1.02
331	0.00200091	9.06785e-05	1292.5	1050	105	709.252	47.8245	47.8245	191.298	191.298	0 18170.5 8280.87 	26451.4	0.00209159	0.000146837	1050	1050	1050	0 157736 78246.1 	235982	6.48467	6.5039	12399	666.612	0.165947	0	1.02	1.02
332	0.00200091	9.06821e-05	1292.55	1050	105	709.191	47.8356	47.8356	191.342	191.342	0 18169.9 8281.92 	26451.8	0.00209159	0.000146837	1050	1050	1050	0 157736 78245.9 	235982	6.4847	6.5039	12399	666.612	0.165948	0	1.02	1.02
333	0.0020009	9.06858e-05	1292.6	1050	105	709.131	47.8467	47.8467	191.387	191.387	0 18169.3 8282.97 	26452.3	0.00209159	0.000146837	1050	1050	1050	0 157735 78245.7 	235981	6.48474	6.5039	12399	666.612	0.165949	0	1.02	1.02
334	0.0020009	9.06895e-05	1292.65	1050	105	709.072	47.8578	47.8578	191.431	191.431	0 18168.7 8284.01 	26452.8	0.00209159	0.000146837	1050	1050	1050	0 157735 78245.5 	235981	6.48477	6.5039	12399	666.612	0.165951	0	1.02	1.02
335	0.0020009	9.06932e-05	1292.7	1050	105	709.013	47.8689	47.8689	191.475	191.475	0 18168.2 8285.06 	26453.2	0.00209159	0.000146837	1050	1050	1050	0 157735 78245.3 	235980	6.48481	6.5039	12399	666.612	0.165952	0	1.02	1.02
336	0.00200089	9.06969e-05	1292.75	1050	105	708.953	47.8799	47.8799	191.52	191.52	0 18167.6 8286.11 	26453.7	0.00209159	0.000146837	1050	1050	1050	0 157734 78245.1 	235979	6.48485	6.5039	12399	666.612	0.165953	0	1.02	1.02
337	0.00200089	9.07006e-05	1292.8	1050	105	708.895	47.8909	47.8909	191.564	191.564	0 18167 8287.15 	26454.2	0.00209159	0.000146837	1050	1050	1050	0 157734 78244.9 	235979	6.48488	6.5039	12399	666.612	0.165954	0	1.02	1.02
338	0.00200088	9.07043e-05	1292.86	1050	105	708.836	47.902	47.902	191.608	191.608	0 18166.4 8288.19 	26454.6	0.00209159	0.000146837	1050	1050	1050	0 157733 78244.7 	235978	6.48492	6.5039	12399	666.612	0.165955	0	1.02	1.02
339	0.00200088	9.0708e-05	1292.91	1050	105	708.778	47.9129	47.9129	191.652	191.652	0 18165.8 8289.24 	26455.1	0.00209159	0.000146837	1050	1050	1050	0 157733 78244.5 	235977	6.48496	6.5039	12399	666.612	0.165957	0	1.02	1.02
340	0.00200088	9.07117e-05	1292.96	1050	105	708.719	47.9239	47.9239	191.696	191.696	0 18165.3 8290.28 	26455.6	0.00209159	0.000146837	1050	1050	1050	0 157732 78244.3 	235977	6.48499	6.5039	12399	666.612	0.165958	0	1.02	1.02
341	0.00200087	9.07154e-05	1293.01	1050	105	708.661	47.9349	47.9349	191.74	191.74	0 18164.7 8291.32 	26456	0.00209159	0.000146837	1050	1050	1050	0 157732 78244.1 	235976	6.48503	6.5039	12399	666.612	0.165959	0	1.02	1.02
342	0.00200087	9.07191e-05	1293.06	1050	105	708.604	47.9458	47.9458	191.783	191.783	0 18164.1 8292.35 	26456.5	0.00209159	0.000146837	1050	1050	1050	0 157732 78243.9 	235975	6.48507	6.5039	12399	666.612	0.16596	0	1.02	1.02
343	0.00200087	9.07228e-05	1293.11	1050	105	708.546	47.9567	47.9567	191.827	191.827	0 18163.6 8293.39 	26457	0.00209159	0.000146837	1050	1050	1050	0 157731 78243.7 	235975	6.4851	6.5039	12399	666.612	0.165961	0	1.02	1.02
344	0.00200086	9.07265e-05	1293.17	1050	105	708.489	47.9676	47.9676	191.871	191.871	0 18163 8294.42 	26457.4	0.00209159	0.000146837	1050	1050	1050	0 157731 78243.4 	235974	6.48514	6.5039	12399	666.612	0.165962	0	1.02	1.02
345	0.00200086	9.07302e-05	1293.22	1050	105	708.432	47.9785	47.9785	191.914	191.914	0 18162.4 8295.46 	26457.9	0.00209159	0.000146837	1050	1050	1050	0 157730 78243.2 	235974	6.48518	6.5039	12399	666.612	0.165964	0	1.02	1.02
346	0.00200085	9.0734e-05	1293.27	1050	105	708.376	47.9894	47.9894	191.957	191.957	0 18161.9 8296.49 	26458.4	0.00209159	0.000146837	1050	1050	1050	0 157730 78243 	235973	6.48521	6.5039	12399	666.612	0.165965	0	1.02	1.02
347	0.00200085	9.07377e-05	1293.32	1050	105	708.319	48.0002	48.0002	192.001	192.001	0 18161.3 8297.52 	26458.8	0.00209159	0.000146837	1050	1050	1050	0 157729 78242.8 	235972	6.48525	6.5039	12399	666.612	0.165966	0	1.02	1.02
348	0.00200085	9.07414e-05	1293.37	1050	105	708.263	48.011	48.011	192.044	192.044	0 18160.7 8298.55 	26459.3	0.00209159	0.000146837	1050	1050	1050	0 157729 78242.6 	235972	6.48529	6.5039	12399	666.612	0.165967	0	1.02	1.02
349	0.00200084	9.07452e-05	1293.43	1050	105	708.207	48.0218	48.0218	192.087	192.087	0 18160.2 8299.58 	26459.8	0.00209159	0.000146837	1050	1050	1050	0 157729 78242.4 	235971	6.48532	6.5039	12399	666.612	0.165968	0	1.02	1.02
350	0.00200084	9.07489e-05	1293.48	1050	105	708.151	48.0326	48.0326	192.13	192.13	0 18159.6 8300.6 	26460.2	0.00209159	0.000146837	1050	1050	1050	0 157728 78242.2 	235970	6.48536	6.5039	12399	666.612	0.165969	0	1.02	1.02
351	0.00200083	9.07526e-05	1293.53	1050	105	708.096	48.0434	48.0434	192.174	192.174	0 18159.1 8301.63 	26460.7	0.00209159	0.000146837	1050	1050	1050	0 157728 78241.9 	235970	6.4854	6.5039	12399	666.612	0.165971	0	1.02	1.02
352	0.00200083	9.07564e-05	1293.58	1050	105	708.04	48.0541	48.0541	192.216	192.216	0 18158.5 8302.65 	26461.2	0.00209159	0.000146837	1050	1050	1050	0 157727 78241.7 	235969	6.48543	6.5039	12399	666.612	0.165972	0	1.02	1.02
353	0.00200083	9.07601e-05	1293.63	1050	105	707.985	48.0648	48.0648	192.259	192.259	0 18158 8303.67 	26461.7	0.00209159	0.000146837	1050	1050	1050	0 157727 78241.5 	235968	6.48547	6.5039	12399	666.612	0.165973	0	1.02	1.02
354	0.00200082	9.07639e-05	1293.69	1050	105	707.93	48.0756	48.0756	192.302	192.302	0 18157.4 8304.69 	26462.1	0.00209159	0.000146837	1050	1050	1050	0 157726 78241.3 	235968	6.48551	6.5039	12399	666.612	0.165974	0	1.02	1.02
355	0.00200082	9.07676e-05	1293.74	1050	105	707.876	48.0862	48.0862	192.345	192.345	0 18156.9 8305.71 	26462.6	0.00209159	0.000146837	1050	1050	1050	0 157726 78241.1 	235967	6.48554	6.5039	12399	666.612	0.165975	0	1.02	1.02
356	0.00200082	9.07714e-05	1293.79	1050	105	707.821	48.0969	48.0969	192.388	192.388	0 18156.3 8306.73 	26463.1	0.00209159	0.000146837	1050	1050	1050	0 157725 78240.8 	235966	6.48558	6.5039	12399	666.612	0.165976	0	1.02	1.02
357	0.00200081	9.07751e-05	1293.84	1050	105	707.767	48.1076	48.1076	192.43	192.43	0 18155.8 8307.75 	26463.5	0.00209159	0.000146837	1050	1050	1050	0 157725 78240.6 	235966	6.48562	6.5039	12399	666.612	0.165977	0	1.02	1.02
358	0.00200081	9.07789e-05	1293.89	1050	105	707.713	48.1182	48.1182	192.473	192.473	0 18155.3 8308.76 	26464	0.00209159	0.000146837	1050	1050	1050	0 157725 78240.4 	235965	6.48566	6.5039	12399	666.612	0.165978	0	1.02	1.02
359	0.0020008	9.07827e-05	1293.95	1050	105	707.659	48.1288	48.1288	192.515	192.515	0 18154.7 8309.77 	26464.5	0.00209159	0.000146837	1050	1050	1050	0 157724 78240.2 	235964	6.48569	6.5039	12399	666.612	0.16598	0	1.02	1.02
360	0.0020008	9.07864e-05	1294	1050	105	707.606	48.1394	48.1394	192.558	192.558	0 18154.2 8310.79 	26465	0.00209159	0.000146837	1050	1050	1050	0 157724 78239.9 	235964	6.48573	6.5039	12399	666.612	0.165981	0	1.02	1.02
361	0.0020008	9.07902e-05	1294.05	1050	105	707.553	48.1499	48.1499	192.6	192.6	0 18153.6 8311.8 	26465.4	0.00209159	0.000146837	1050	1050	1050	0 157723 78239.7 	235963	6.48577	6.5039	12399	666.612	0.165982	0	1.02	1.02
362	0.00200079	9.07939e-05	1294.1	1050	105	707.5	48.1605	48.1605	192.642	192.642	0 18153.1 8312.8 	26465.9	0.00209159	0.000146837	1050	1050	1050	0 157723 78239.5 	235962	6.4858	6.5039	12399	666.612	0.165983	0	1.02	1.02
363	0.00200079	9.07977e-05	1294.16	1050	105	707.447	48.171	48.171	192.684	192.684	0 18152.6 8313.81 	26466.4	0.00209159	0.000146837	1050	1050	1050	0 157722 78239.3 	235962	6.48584	6.5039	12399	666.612	0.165984	0	1.02	1.02
364	0.00200079	9.08015e-05	1294.21	1050	105	707.394	48.1815	48.1815	192.726	192.726	0 18152 8314.82 	26466.9	0.00209159	0.000146837	1050	1050	1050	0 157722 78239 	235961	6.48588	6.5039	12399	666.612	0.165985	0	1.02	1.02
365	0.00200078	9.08052e-05	1294.26	1050	105	707.342	48.192	48.192	192.768	192.768	0 18151.5 8315.82 	26467.3	0.00209159	0.000146838	1050	1050	1050	0 157721 78238.8 	235960	6.48592	6.5039	12399	666.612	0.165986	0	1.02	1.02
366	0.00200078	9.0809e-05	1294.31	1050	105	707.289	48.2025	48.2025	192.81	192.81	0 18151 8316.82 	26467.8	0.00209159	0.000146838	1050	1050	1050	0 157721 78238.6 	235959	6.48595	6.5039	12399	666.612	0.165987	0	1.02	1.02
367	0.00200077	9.08128e-05	1294.37	1050	105	707.237	48.2129	48.2129	192.852	192.852	0 18150.5 8317.82 	26468.3	0.00209159	0.000146838	1050	1050	1050	0 157720 78238.3 	235959	6.48599	6.5039	12399	666.612	0.165989	0	1.02	1.02
368	0.00200077	9.08165e-05	1294.42	1050	105	707.185	48.2234	48.2234	192.894	192.894	0 18149.9 8318.82 	26468.8	0.00209159	0.000146838	1050	1050	1050	0 157720 78238.1 	235958	6.48603	6.5039	12399	666.612	0.16599	0	1.02	1.02
369	0.00200077	9.08203e-05	1294.47	1050	105	707.134	48.2338	48.2338	192.935	192.935	0 18149.4 8319.82 	26469.2	0.00209159	0.000146838	1050	1050	1050	0 157719 78237.9 	235957	6.48606	6.5039	12399	666.612	0.165991	0	1.02	1.02
370	0.00200076	9.08241e-05	1294.52	1050	105	707.082	48.2442	48.2442	192.977	192.977	0 18148.9 8320.82 	26469.7	0.00209159	0.000146838	1050	1050	1050	0 157719 78237.6 	235957	6.4861	6.5039	12399	666.612	0.165992	0	1.02	1.02
371	0.00200076	9.08279e-05	1294.58	1050	105	707.031	48.2546	48.2546	193.018	193.018	0 18148.4 8321.81 	26470.2	0.00209159	0.000146838	1050	1050	1050	0 157719 78237.4 	235956	6.48614	6.5039	12399	666.612	0.165993	0	1.02	1.02
372	0.00200075	9.08316e-05	1294.63	1050	105	706.98	48.2649	48.2649	193.06	193.06	0 18147.8 8322.8 	26470.6	0.00209159	0.000146838	1050	1050	1050	0 157718 78237.2 	235955	6.48618	6.5039	12399	666.612	0.165994	0	1.02	1.02
373	0.00200075	9.08354e-05	1294.68	1050	105	706.93	48.2752	48.2752	193.101	193.101	0 18147.3 8323.79 	26471.1	0.00209159	0.000146838	1050	1050	1050	0 157718 78237 	235955	6.48621	6.5039	12399	666.612	0.165995	0	1.02	1.02
374	0.00200075	9.08392e-05	1294.73	1050	105	706.879	48.2856	48.2856	193.142	193.142	0 18146.8 8324.78 	26471.6	0.00209159	0.000146838	1050	1050	1050	0 157717 78236.7 	235954	6.48625	6.5039	12399	666.612	0.165996	0	1.02	1.02
375	0.00200074	9.08429e-05	1294.79	1050	105	706.829	48.2958	48.2958	193.183	193.183	0 18146.3 8325.77 	26472.1	0.00209159	0.000146838	1050	1050	1050	0 157717 78236.5 	235953	6.48629	6.5039	12399	666.612	0.165997	0	1.02	1.02
376	0.00200074	9.08467e-05	1294.84	1050	105	706.778	48.3061	48.3061	193.224	193.224	0 18145.8 8326.76 	26472.5	0.00209159	0.000146838	1050	1050	1050	0 157716 78236.2 	235952	6.48632	6.5039	12399	666.612	0.165998	0	1.02	1.02
377	0.00200074	9.08505e-05	1294.89	1050	105	706.728	48.3164	48.3164	193.265	193.265	0 18145.3 8327.74 	26473	0.00209159	0.000146838	1050	1050	1050	0 157716 78236 	235952	6.48636	6.5039	12399	666.612	0.165999	0	1.02	1.02
378	0.00200073	9.08543e-05	1294.94	1050	105	706.679	48.3266	48.3266	193.306	193.306	0 18144.8 8328.73 	26473.5	0.00209159	0.000146838	1050	1050	1050	0 157715 78235.8 	235951	6.4864	6.5039	12399	666.612	0.166	0	1.02	1.02
379	0.00200073	9.0858e-05	1295	1050	105	706.629	48.3368	48.3368	193.347	193.347	0 18144.3 8329.71 	26474	0.00209159	0.000146838	1050	1050	1050	0 157715 78235.5 	235950	6.48644	6.5039	12399	666.612	0.166002	0	1.02	1.02
380	0.00200072	9.08618e-05	1295.05	1050	105	706.58	48.347	48.347	193.388	193.388	0 18143.8 8330.69 	26474.4	0.00209159	0.000146838	1050	1050	1050	0 157714 78235.3 	235950	6.48647	6.5039	12399	666.612	0.166003	0	1.02	1.02
381	0.00200072	9.08656e-05	1295.1	1050	105	706.531	48.3572	48.3572	193.429	193.429	0 18143.3 8331.67 	26474.9	0.00209159	0.000146838	1050	1050	1050	0 157714 78235.1 	235949	6.48651	6.5039	12399	666.612	0.166004	0	1.02	1.02
382	0.00200072	9.08694e-05	1295.15	1050	105	706.482	48.3673	48.3673	193.469	193.469	0 18142.8 8332.64 	26475.4	0.00209159	0.000146838	1050	1050	1050	0 157713 78234.8 	235948	6.48655	6.5039	12399	666.612	0.166005	0	1.02	1.02
383	0.00200071	9.08731e-05	1295.21	1050	105	706.433	48.3775	48.3775	193.51	193.51	0 18142.3 8333.62 	26475.9	0.00209159	0.000146838	1050	1050	1050	0 157713 78234.6 	235947	6.48658	6.5039	12399	666.612	0.166006	0	1.02	1.02
384	0.00200071	9.08769e-05	1295.26	1050	105	706.384	48.3876	48.3876	193.55	193.55	0 18141.8 8334.59 	26476.3	0.00209159	0.000146838	1050	1050	1050	0 157712 78234.4 	235947	6.48662	6.5039	12399	666.612	0.166007	0	1.02	1.02
385	0.00200071	9.08807e-05	1295.31	1050	105	706.336	48.3977	48.3977	193.591	193.591	0 18141.3 8335.56 	26476.8	0.00209159	0.000146838	1050	1050	1050	0 157712 78234.1 	235946	6.48666	6.5039	12399	666.612	0.166008	0	1.02	1.02
