1	0.00199693	7.50814e-05	1064.02	1050	105	518.076	44.0946	44.0946	176.379	176.379	0 17729.8 9353.42 	27083.2	0.002074	7.4e-05	1050	1050	1050	0 1.77556e+06 809575 	2.58513e+06	6.5235	6.5039	666.612	666.612	0.00897707	0	1.02	1.02
2	0.00199655	7.52359e-05	1066.05	1050	105	520.22	44.083	44.083	176.332	176.332	0 17690 9318.67 	27008.6	0.002074	7.4e-05	1050	1050	1050	0 1.77322e+06 808610 	2.58183e+06	6.52728	6.5039	666.612	666.612	0.00896076	0	1.02	1.02
3	0.00201729	9.09959e-05	1307.5	1050	105	761.251	44.1249	44.1249	176.5	176.5	0 21277 8756.23 	30033.2	0.00210828	7.28372e-05	1050	1050	1050	0 316819 155901 	472719	6.32802	6.5039	12399	666.612	0.163347	0	1.02	1.02
4	0.00200546	0.000102495	1468.39	1050	105	921.495	44.1899	44.1899	176.76	176.76	0 19534.5 7551.14 	27085.6	0.00210796	7.2848e-05	1050	1050	1050	0 313853 154464 	468317	6.44059	6.5039	12399	666.612	0.161612	0	1.02	1.02
5	0.00200274	0.000105156	1505.5	1050	105	958.329	44.217	44.217	176.868	176.868	0 19132.5 7306.1 	26438.6	0.00210789	7.28502e-05	1050	1050	1050	0 313245 154170 	467415	6.46694	6.5039	12399	666.612	0.161243	0	1.02	1.02
6	0.00200224	0.000105641	1512.25	1050	105	964.897	44.2357	44.2357	176.943	176.943	0 19064.6 7259.07 	26323.7	0.00210788	7.28506e-05	1050	1050	1050	0 313130 154114 	467244	6.47176	6.5039	12399	666.612	0.161168	0	1.02	1.02
7	0.00200216	0.000105718	1513.32	1050	105	965.789	44.2528	44.2528	177.011	177.011	0 19052.7 7247.98 	26300.7	0.00210788	7.28507e-05	1050	1050	1050	0 313114 154106 	467220	6.47252	6.5039	12399	666.612	0.161153	0	1.02	1.02
8	0.00200217	0.000105713	1513.26	1050	105	965.561	44.2697	44.2697	177.079	177.079	0 19048.9 7244 	26292.9	0.00210788	7.28507e-05	1050	1050	1050	0 313121 154110 	467231	6.47247	6.5039	12399	666.612	0.16115	0	1.02	1.02
9	0.00200219	0.00010569	1512.93	1050	105	965.065	44.2867	44.2867	177.147	177.147	0 19046.1 7241.79 	26287.8	0.00210788	7.28506e-05	1050	1050	1050	0 313136 154117 	467253	6.47223	6.5039	12399	666.612	0.161152	0	1.02	1.02
10	0.00200222	0.000105661	1512.52	1050	105	964.486	44.3038	44.3038	177.215	177.215	0 19043.2 7240.17 	26283.3	0.00210788	7.28505e-05	1050	1050	1050	0 313154 154126 	467279	6.47193	6.5039	12399	666.612	0.161156	0	1.02	1.02
11	0.00200226	0.000105629	1512.09	1050	105	963.88	44.3211	44.3211	177.285	177.285	0 19040.2 7238.78 	26279	0.00210788	7.28505e-05	1050	1050	1050	0 313172 154135 	467307	6.4716	6.5039	12399	666.612	0.16116	0	1.02	1.02
12	0.00200229	0.000105598	1511.65	1050	105	963.264	44.3387	44.3387	177.355	177.355	0 19037.3 7237.53 	26274.8	0.00210789	7.28504e-05	1050	1050	1050	0 313191 154144 	467334	6.47128	6.5039	12399	666.612	0.161164	0	1.02	1.02
13	0.00200232	0.000105566	1511.21	1050	105	962.646	44.3563	44.3563	177.425	177.425	0 19034.3 7236.35 	26270.6	0.00210789	7.28503e-05	1050	1050	1050	0 313209 154153 	467362	6.47095	6.5039	12399	666.612	0.161168	0	1.02	1.02
14	0.00200236	0.000105534	1510.77	1050	105	962.029	44.3742	44.3742	177.497	177.497	0 19031.3 7235.23 	26266.5	0.00210789	7.28503e-05	1050	1050	1050	0 313228 154162 	467389	6.47062	6.5039	12399	666.612	0.161173	0	1.02	1.02
15	0.00200239	0.000105503	1510.34	1050	105	961.415	44.3923	44.3923	177.569	177.569	0 19028.3 7234.16 	26262.5	0.00210789	7.28502e-05	1050	1050	1050	0 313246 154171 	467417	6.4703	6.5039	12399	666.612	0.161177	0	1.02	1.02
16	0.00200242	0.000105472	1509.91	1050	105	960.804	44.4105	44.4105	177.642	177.642	0 19025.4 7233.13 	26258.5	0.00210789	7.28501e-05	1050	1050	1050	0 313264 154179 	467444	6.46998	6.5039	12399	666.612	0.161182	0	1.02	1.02
17	0.00200245	0.000105442	1509.49	1050	105	960.196	44.429	44.429	177.716	177.716	0 19022.4 7232.14 	26254.6	0.0021079	7.28501e-05	1050	1050	1050	0 313282 154188 	467470	6.46967	6.5039	12399	666.612	0.161186	0	1.02	1.02
18	0.00200249	0.000105412	1509.07	1050	105	959.592	44.4476	44.4476	177.79	177.79	0 19019.5 7231.2 	26250.7	0.0021079	7.285e-05	1050	1050	1050	0 313300 154197 	467497	6.46936	6.5039	12399	666.612	0.161191	0	1.02	1.02
19	0.00200252	0.000105382	1508.65	1050	105	958.991	44.4663	44.4663	177.865	177.865	0 19016.5 7230.3 	26246.8	0.0021079	7.28499e-05	1050	1050	1050	0 313318 154205 	467523	6.46905	6.5039	12399	666.612	0.161195	0	1.02	1.02
20	0.00200255	0.000105353	1508.25	1050	105	958.393	44.4853	44.4853	177.941	177.941	0 19013.6 7229.43 	26243	0.0021079	7.28499e-05	1050	1050	1050	0 313335 154214 	467549	6.46875	6.5039	12399	666.612	0.1612	0	1.02	1.02
21	0.00200258	0.000105324	1507.84	1050	105	957.799	44.5044	44.5044	178.018	178.018	0 19010.7 7228.61 	26239.3	0.0021079	7.28498e-05	1050	1050	1050	0 313353 154222 	467575	6.46845	6.5039	12399	666.612	0.161204	0	1.02	1.02
22	0.00200261	0.000105295	1507.45	1050	105	957.209	44.5237	44.5237	178.095	178.095	0 19007.7 7227.83 	26235.6	0.00210791	7.28498e-05	1050	1050	1050	0 313370 154231 	467600	6.46816	6.5039	12399	666.612	0.161209	0	1.02	1.02
23	0.00200264	0.000105267	1507.05	1050	105	956.621	44.5432	44.5432	178.173	178.173	0 19004.8 7227.08 	26231.9	0.00210791	7.28497e-05	1050	1050	1050	0 313387 154239 	467626	6.46786	6.5039	12399	666.612	0.161213	0	1.02	1.02
24	0.00200267	0.000105239	1506.67	1050	105	956.037	44.5628	44.5628	178.251	178.251	0 19001.9 7226.38 	26228.3	0.00210791	7.28496e-05	1050	1050	1050	0 313404 154247 	467650	6.46758	6.5039	12399	666.612	0.161217	0	1.02	1.02
25	0.0020027	0.000105212	1506.28	1050	105	955.457	44.5826	44.5826	178.33	178.33	0 18999 7225.71 	26224.8	0.00210791	7.28496e-05	1050	1050	1050	0 313420 154255 	467675	6.46729	6.5039	12399	666.612	0.161222	0	1.02	1.02
26	0.00200273	0.000105184	1505.91	1050	105	954.879	44.6026	44.6026	178.41	178.41	0 18996.2 7225.08 	26221.2	0.00210791	7.28495e-05	1050	1050	1050	0 313437 154263 	467700	6.46701	6.5039	12399	666.612	0.161226	0	1.02	1.02
27	0.00200276	0.000105158	1505.53	1050	105	954.305	44.6227	44.6227	178.491	178.491	0 18993.3 7224.49 	26217.8	0.00210792	7.28495e-05	1050	1050	1050	0 313453 154271 	467724	6.46673	6.5039	12399	666.612	0.161231	0	1.02	1.02
28	0.00200279	0.000105131	1505.16	1050	105	953.735	44.643	44.643	178.572	178.572	0 18990.4 7223.93 	26214.3	0.00210792	7.28494e-05	1050	1050	1050	0 313469 154279 	467748	6.46646	6.5039	12399	666.612	0.161235	0	1.02	1.02
29	0.00200281	0.000105105	1504.8	1050	105	953.167	44.6634	44.6634	178.654	178.654	0 18987.5 7223.42 	26211	0.00210792	7.28493e-05	1050	1050	1050	0 313485 154286 	467771	6.46619	6.5039	12399	666.612	0.16124	0	1.02	1.02
30	0.00200284	0.000105079	1504.44	1050	105	952.603	44.684	44.684	178.736	178.736	0 18984.7 7222.94 	26207.6	0.00210792	7.28493e-05	1050	1050	1050	0 313501 154294 	467795	6.46592	6.5039	12399	666.612	0.161245	0	1.02	1.02
31	0.00200287	0.000105054	1504.09	1050	105	952.041	44.7047	44.7047	178.819	178.819	0 18981.8 7222.49 	26204.3	0.00210792	7.28492e-05	1050	1050	1050	0 313516 154301 	467818	6.46566	6.5039	12399	666.612	0.161249	0	1.02	1.02
32	0.0020029	0.000105029	1503.74	1050	105	951.483	44.7256	44.7256	178.903	178.903	0 18979 7222.09 	26201.1	0.00210792	7.28492e-05	1050	1050	1050	0 313532 154309 	467841	6.4654	6.5039	12399	666.612	0.161254	0	1.02	1.02
33	0.00200292	0.000105004	1503.4	1050	105	950.928	44.7467	44.7467	178.987	178.987	0 18976.2 7221.71 	26197.9	0.00210793	7.28491e-05	1050	1050	1050	0 313547 154316 	467863	6.46515	6.5039	12399	666.612	0.161258	0	1.02	1.02
34	0.00200295	0.000104979	1503.06	1050	105	950.376	44.7679	44.7679	179.072	179.072	0 18973.3 7221.38 	26194.7	0.00210793	7.28491e-05	1050	1050	1050	0 313562 154324 	467886	6.46489	6.5039	12399	666.612	0.161263	0	1.02	1.02
35	0.00200297	0.000104955	1502.72	1050	105	949.828	44.7893	44.7893	179.157	179.157	0 18970.5 7221.07 	26191.6	0.00210793	7.2849e-05	1050	1050	1050	0 313577 154331 	467908	6.46464	6.5039	12399	666.612	0.161267	0	1.02	1.02
36	0.002003	0.000104932	1502.39	1050	105	949.282	44.8107	44.8107	179.243	179.243	0 18967.7 7220.81 	26188.5	0.00210793	7.28489e-05	1050	1050	1050	0 313592 154338 	467930	6.4644	6.5039	12399	666.612	0.161272	0	1.02	1.02
37	0.00200302	0.000104908	1502.06	1050	105	948.739	44.8324	44.8324	179.33	179.33	0 18964.9 7220.58 	26185.5	0.00210793	7.28489e-05	1050	1050	1050	0 313607 154345 	467952	6.46416	6.5039	12399	666.612	0.161276	0	1.02	1.02
38	0.00200305	0.000104885	1501.74	1050	105	948.2	44.8542	44.8542	179.417	179.417	0 18962.1 7220.38 	26182.5	0.00210793	7.28488e-05	1050	1050	1050	0 313621 154352 	467973	6.46392	6.5039	12399	666.612	0.161281	0	1.02	1.02
39	0.00200307	0.000104862	1501.42	1050	105	947.663	44.8761	44.8761	179.504	179.504	0 18959.3 7220.21 	26179.5	0.00210794	7.28488e-05	1050	1050	1050	0 313635 154359 	467995	6.46368	6.5039	12399	666.612	0.161285	0	1.02	1.02
40	0.0020031	0.00010484	1501.11	1050	105	947.129	44.8982	44.8982	179.593	179.593	0 18956.5 7220.08 	26176.6	0.00210794	7.28487e-05	1050	1050	1050	0 313650 154366 	468016	6.46345	6.5039	12399	666.612	0.16129	0	1.02	1.02
41	0.00200312	0.000104817	1500.8	1050	105	946.598	44.9204	44.9204	179.681	179.681	0 18953.7 7219.99 	26173.7	0.00210794	7.28487e-05	1050	1050	1050	0 313664 154373 	468036	6.46322	6.5039	12399	666.612	0.161294	0	1.02	1.02
42	0.00200314	0.000104795	1500.5	1050	105	946.07	44.9427	44.9427	179.771	179.771	0 18951 7219.92 	26170.9	0.00210794	7.28486e-05	1050	1050	1050	0 313678 154380 	468057	6.46299	6.5039	12399	666.612	0.161299	0	1.02	1.02
43	0.00200317	0.000104774	1500.2	1050	105	945.545	44.9652	44.9652	179.861	179.861	0 18948.2 7219.89 	26168.1	0.00210794	7.28486e-05	1050	1050	1050	0 313691 154386 	468077	6.46277	6.5039	12399	666.612	0.161303	0	1.02	1.02
44	0.00200319	0.000104753	1499.9	1050	105	945.023	44.9878	44.9878	179.951	179.951	0 18945.4 7219.89 	26165.3	0.00210794	7.28485e-05	1050	1050	1050	0 313705 154393 	468098	6.46255	6.5039	12399	666.612	0.161308	0	1.02	1.02
45	0.00200321	0.000104732	1499.61	1050	105	944.504	45.0105	45.0105	180.042	180.042	0 18942.7 7219.92 	26162.6	0.00210794	7.28485e-05	1050	1050	1050	0 313718 154399 	468118	6.46233	6.5039	12399	666.612	0.161312	0	1.02	1.02
46	0.00200323	0.000104711	1499.32	1050	105	943.987	45.0334	45.0334	180.134	180.134	0 18939.9 7219.98 	26159.9	0.00210795	7.28484e-05	1050	1050	1050	0 313732 154406 	468137	6.46211	6.5039	12399	666.612	0.161317	0	1.02	1.02
47	0.00200326	0.00010469	1499.04	1050	105	943.474	45.0564	45.0564	180.226	180.226	0 18937.2 7220.08 	26157.3	0.00210795	7.28484e-05	1050	1050	1050	0 313745 154412 	468157	6.4619	6.5039	12399	666.612	0.161321	0	1.02	1.02
48	0.00200328	0.00010467	1498.76	1050	105	942.963	45.0795	45.0795	180.318	180.318	0 18934.5 7220.21 	26154.7	0.00210795	7.28483e-05	1050	1050	1050	0 313758 154418 	468176	6.4617	6.5039	12399	666.612	0.161326	0	1.02	1.02
49	0.0020033	0.000104651	1498.48	1050	105	942.455	45.1028	45.1028	180.411	180.411	0 18931.8 7220.36 	26152.1	0.00210795	7.28483e-05	1050	1050	1050	0 313771 154425 	468195	6.46149	6.5039	12399	666.612	0.161331	0	1.02	1.02
50	0.00200332	0.000104631	1498.21	1050	105	941.95	45.1262	45.1262	180.505	180.505	0 18929 7220.55 	26149.6	0.00210795	7.28482e-05	1050	1050	1050	0 313783 154431 	468214	6.46129	6.5039	12399	666.612	0.161335	0	1.02	1.02
51	0.00200334	0.000104612	1497.94	1050	105	941.447	45.1497	45.1497	180.599	180.599	0 18926.3 7220.77 	26147.1	0.00210795	7.28482e-05	1050	1050	1050	0 313796 154437 	468233	6.46109	6.5039	12399	666.612	0.16134	0	1.02	1.02
52	0.00200336	0.000104593	1497.68	1050	105	940.947	45.1733	45.1733	180.693	180.693	0 18923.6 7221.02 	26144.6	0.00210795	7.28482e-05	1050	1050	1050	0 313808 154443 	468251	6.46089	6.5039	12399	666.612	0.161344	0	1.02	1.02
53	0.00200338	0.000104574	1497.42	1050	105	940.45	45.1971	45.1971	180.788	180.788	0 18920.9 7221.29 	26142.2	0.00210796	7.28481e-05	1050	1050	1050	0 313821 154449 	468270	6.4607	6.5039	12399	666.612	0.161349	0	1.02	1.02
54	0.0020034	0.000104556	1497.16	1050	105	939.956	45.2209	45.2209	180.884	180.884	0 18918.2 7221.6 	26139.8	0.00210796	7.28481e-05	1050	1050	1050	0 313833 154455 	468288	6.46051	6.5039	12399	666.612	0.161353	0	1.02	1.02
55	0.00200342	0.000104538	1496.91	1050	105	939.464	45.2449	45.2449	180.98	180.98	0 18915.5 7221.94 	26137.5	0.00210796	7.2848e-05	1050	1050	1050	0 313845 154461 	468306	6.46032	6.5039	12399	666.612	0.161358	0	1.02	1.02
56	0.00200344	0.00010452	1496.66	1050	105	938.975	45.269	45.269	181.076	181.076	0 18912.9 7222.3 	26135.2	0.00210796	7.2848e-05	1050	1050	1050	0 313857 154466 	468323	6.46013	6.5039	12399	666.612	0.161362	0	1.02	1.02
57	0.00200346	0.000104502	1496.42	1050	105	938.488	45.2932	45.2932	181.173	181.173	0 18910.2 7222.69 	26132.9	0.00210796	7.28479e-05	1050	1050	1050	0 313869 154472 	468341	6.45995	6.5039	12399	666.612	0.161367	0	1.02	1.02
58	0.00200348	0.000104485	1496.18	1050	105	938.004	45.3176	45.3176	181.27	181.27	0 18907.5 7223.12 	26130.6	0.00210796	7.28479e-05	1050	1050	1050	0 313880 154478 	468358	6.45977	6.5039	12399	666.612	0.161371	0	1.02	1.02
59	0.0020035	0.000104468	1495.94	1050	105	937.523	45.342	45.342	181.368	181.368	0 18904.9 7223.56 	26128.4	0.00210796	7.28479e-05	1050	1050	1050	0 313892 154483 	468375	6.45959	6.5039	12399	666.612	0.161376	0	1.02	1.02
60	0.00200351	0.000104451	1495.71	1050	105	937.044	45.3665	45.3665	181.466	181.466	0 18902.2 7224.04 	26126.2	0.00210796	7.28478e-05	1050	1050	1050	0 313903 154489 	468392	6.45942	6.5039	12399	666.612	0.161381	0	1.02	1.02
61	0.00200353	0.000104435	1495.48	1050	105	936.568	45.3912	45.3912	181.565	181.565	0 18899.6 7224.54 	26124.1	0.00210797	7.28478e-05	1050	1050	1050	0 313915 154494 	468409	6.45925	6.5039	12399	666.612	0.161385	0	1.02	1.02
62	0.00200355	0.000104418	1495.25	1050	105	936.094	45.416	45.416	181.664	181.664	0 18896.9 7225.08 	26122	0.00210797	7.28477e-05	1050	1050	1050	0 313926 154500 	468426	6.45908	6.5039	12399	666.612	0.16139	0	1.02	1.02
63	0.00200357	0.000104402	1495.03	1050	105	935.623	45.4409	45.4409	181.763	181.763	0 18894.3 7225.63 	26119.9	0.00210797	7.28477e-05	1050	1050	1050	0 313937 154505 	468442	6.45891	6.5039	12399	666.612	0.161394	0	1.02	1.02
64	0.00200358	0.000104387	1494.81	1050	105	935.154	45.4658	45.4658	181.863	181.863	0 18891.7 7226.22 	26117.9	0.00210797	7.28477e-05	1050	1050	1050	0 313948 154510 	468458	6.45875	6.5039	12399	666.612	0.161399	0	1.02	1.02
65	0.0020036	0.000104371	1494.6	1050	105	934.688	45.4909	45.4909	181.964	181.964	0 18889 7226.83 	26115.9	0.00210797	7.28476e-05	1050	1050	1050	0 313959 154516 	468474	6.45859	6.5039	12399	666.612	0.161403	0	1.02	1.02
66	0.00200362	0.000104356	1494.39	1050	105	934.224	45.5161	45.5161	182.064	182.064	0 18886.4 7227.47 	26113.9	0.00210797	7.28476e-05	1050	1050	1050	0 313969 154521 	468490	6.45843	6.5039	12399	666.612	0.161408	0	1.02	1.02
67	0.00200363	0.000104341	1494.18	1050	105	933.763	45.5414	45.5414	182.166	182.166	0 18883.8 7228.13 	26111.9	0.00210797	7.28475e-05	1050	1050	1050	0 313980 154526 	468506	6.45827	6.5039	12399	666.612	0.161412	0	1.02	1.02
68	0.00200365	0.000104326	1493.97	1050	105	933.304	45.5668	45.5668	182.267	182.267	0 18881.2 7228.82 	26110	0.00210797	7.28475e-05	1050	1050	1050	0 313990 154531 	468521	6.45812	6.5039	12399	666.612	0.161417	0	1.02	1.02
69	0.00200366	0.000104312	1493.77	1050	105	932.848	45.5923	45.5923	182.369	182.369	0 18878.6 7229.53 	26108.1	0.00210798	7.28475e-05	1050	1050	1050	0 314000 154536 	468536	6.45797	6.5039	12399	666.612	0.161421	0	1.02	1.02
70	0.00200368	0.000104297	1493.57	1050	105	932.394	45.6179	45.6179	182.472	182.472	0 18876 7230.27 	26106.3	0.00210798	7.28474e-05	1050	1050	1050	0 314011 154541 	468551	6.45782	6.5039	12399	666.612	0.161426	0	1.02	1.02
71	0.00200369	0.000104283	1493.38	1050	105	931.942	45.6436	45.6436	182.574	182.574	0 18873.4 7231.03 	26104.5	0.00210798	7.28474e-05	1050	1050	1050	0 314021 154546 	468566	6.45767	6.5039	12399	666.612	0.16143	0	1.02	1.02
72	0.00200371	0.00010427	1493.19	1050	105	931.493	45.6693	45.6693	182.677	182.677	0 18870.9 7231.82 	26102.7	0.00210798	7.28473e-05	1050	1050	1050	0 314031 154551 	468581	6.45753	6.5039	12399	666.612	0.161435	0	1.02	1.02
73	0.00200372	0.000104256	1493	1050	105	931.046	45.6952	45.6952	182.781	182.781	0 18868.3 7232.63 	26100.9	0.00210798	7.28473e-05	1050	1050	1050	0 314040 154555 	468596	6.45739	6.5039	12399	666.612	0.16144	0	1.02	1.02
74	0.00200374	0.000104243	1492.81	1050	105	930.601	45.7212	45.7212	182.885	182.885	0 18865.7 7233.46 	26099.2	0.00210798	7.28473e-05	1050	1050	1050	0 314050 154560 	468610	6.45725	6.5039	12399	666.612	0.161444	0	1.02	1.02
75	0.00200375	0.00010423	1492.63	1050	105	930.159	45.7473	45.7473	182.989	182.989	0 18863.2 7234.32 	26097.5	0.00210798	7.28472e-05	1050	1050	1050	0 314060 154565 	468624	6.45711	6.5039	12399	666.612	0.161449	0	1.02	1.02
76	0.00200377	0.000104217	1492.45	1050	105	929.719	45.7734	45.7734	183.094	183.094	0 18860.6 7235.2 	26095.8	0.00210798	7.28472e-05	1050	1050	1050	0 314069 154569 	468638	6.45698	6.5039	12399	666.612	0.161453	0	1.02	1.02
77	0.00200378	0.000104204	1492.28	1050	105	929.281	45.7996	45.7996	183.199	183.199	0 18858.1 7236.11 	26094.2	0.00210798	7.28472e-05	1050	1050	1050	0 314079 154574 	468652	6.45685	6.5039	12399	666.612	0.161458	0	1.02	1.02
78	0.00200379	0.000104192	1492.11	1050	105	928.846	45.826	45.826	183.304	183.304	0 18855.5 7237.04 	26092.5	0.00210798	7.28471e-05	1050	1050	1050	0 314088 154578 	468666	6.45672	6.5039	12399	666.612	0.161462	0	1.02	1.02
79	0.00200381	0.00010418	1491.94	1050	105	928.412	45.8524	45.8524	183.41	183.41	0 18853 7237.99 	26091	0.00210799	7.28471e-05	1050	1050	1050	0 314097 154583 	468680	6.45659	6.5039	12399	666.612	0.161467	0	1.02	1.02
80	0.00200382	0.000104168	1491.77	1050	105	927.981	45.8789	45.8789	183.516	183.516	0 18850.4 7238.96 	26089.4	0.00210799	7.28471e-05	1050	1050	1050	0 314106 154587 	468693	6.45647	6.5039	12399	666.612	0.161471	0	1.02	1.02
81	0.00200383	0.000104156	1491.61	1050	105	927.553	45.9055	45.9055	183.622	183.622	0 18847.9 7239.96 	26087.9	0.00210799	7.2847e-05	1050	1050	1050	0 314115 154591 	468706	6.45634	6.5039	12399	666.612	0.161476	0	1.02	1.02
82	0.00200384	0.000104144	1491.45	1050	105	927.126	45.9322	45.9322	183.729	183.729	0 18845.4 7240.97 	26086.4	0.00210799	7.2847e-05	1050	1050	1050	0 314124 154596 	468720	6.45622	6.5039	12399	666.612	0.16148	0	1.02	1.02
83	0.00200386	0.000104133	1491.29	1050	105	926.702	45.9589	45.9589	183.836	183.836	0 18842.9 7242.01 	26084.9	0.00210799	7.2847e-05	1050	1050	1050	0 314133 154600 	468733	6.4561	6.5039	12399	666.612	0.161485	0	1.02	1.02
84	0.00200387	0.000104122	1491.14	1050	105	926.279	45.9858	45.9858	183.943	183.943	0 18840.4 7243.07 	26083.5	0.00210799	7.28469e-05	1050	1050	1050	0 314141 154604 	468745	6.45599	6.5039	12399	666.612	0.161489	0	1.02	1.02
85	0.00200388	0.000104111	1490.99	1050	105	925.859	46.0127	46.0127	184.051	184.051	0 18837.9 7244.16 	26082.1	0.00210799	7.28469e-05	1050	1050	1050	0 314150 154608 	468758	6.45587	6.5039	12399	666.612	0.161494	0	1.02	1.02
86	0.00200389	0.000104101	1490.84	1050	105	925.442	46.0397	46.0397	184.159	184.159	0 18835.4 7245.26 	26080.7	0.00210799	7.28469e-05	1050	1050	1050	0 314158 154612 	468770	6.45576	6.5039	12399	666.612	0.161498	0	1.02	1.02
87	0.0020039	0.00010409	1490.69	1050	105	925.026	46.0667	46.0667	184.267	184.267	0 18832.9 7246.38 	26079.3	0.00210799	7.28469e-05	1050	1050	1050	0 314166 154616 	468783	6.45565	6.5039	12399	666.612	0.161503	0	1.02	1.02
88	0.00200391	0.00010408	1490.55	1050	105	924.612	46.0939	46.0939	184.376	184.376	0 18830.4 7247.53 	26078	0.00210799	7.28468e-05	1050	1050	1050	0 314175 154620 	468795	6.45555	6.5039	12399	666.612	0.161507	0	1.02	1.02
89	0.00200393	0.00010407	1490.41	1050	105	924.201	46.1211	46.1211	184.485	184.485	0 18828 7248.69 	26076.7	0.00210799	7.28468e-05	1050	1050	1050	0 314183 154624 	468807	6.45544	6.5039	12399	666.612	0.161512	0	1.02	1.02
90	0.00200394	0.00010406	1490.28	1050	105	923.791	46.1484	46.1484	184.594	184.594	0 18825.5 7249.88 	26075.4	0.002108	7.28468e-05	1050	1050	1050	0 314191 154628 	468819	6.45534	6.5039	12399	666.612	0.161516	0	1.02	1.02
91	0.00200395	0.00010405	1490.14	1050	105	923.384	46.1758	46.1758	184.703	184.703	0 18823 7251.08 	26074.1	0.002108	7.28467e-05	1050	1050	1050	0 314199 154632 	468831	6.45524	6.5039	12399	666.612	0.161521	0	1.02	1.02
92	0.00200396	0.000104041	1490.01	1050	105	922.978	46.2033	46.2033	184.813	184.813	0 18820.6 7252.31 	26072.9	0.002108	7.28467e-05	1050	1050	1050	0 314207 154636 	468842	6.45514	6.5039	12399	666.612	0.161525	0	1.02	1.02
93	0.00200397	0.000104032	1489.88	1050	105	922.575	46.2308	46.2308	184.923	184.923	0 18818.1 7253.55 	26071.7	0.002108	7.28467e-05	1050	1050	1050	0 314214 154639 	468854	6.45504	6.5039	12399	666.612	0.16153	0	1.02	1.02
94	0.00200398	0.000104023	1489.76	1050	105	922.174	46.2584	46.2584	185.034	185.034	0 18815.7 7254.81 	26070.5	0.002108	7.28467e-05	1050	1050	1050	0 314222 154643 	468865	6.45494	6.5039	12399	666.612	0.161534	0	1.02	1.02
95	0.00200399	0.000104014	1489.64	1050	105	921.775	46.286	46.286	185.144	185.144	0 18813.2 7256.1 	26069.3	0.002108	7.28466e-05	1050	1050	1050	0 314229 154647 	468876	6.45485	6.5039	12399	666.612	0.161539	0	1.02	1.02
96	0.002004	0.000104005	1489.52	1050	105	921.377	46.3138	46.3138	185.255	185.255	0 18810.8 7257.4 	26068.2	0.002108	7.28466e-05	1050	1050	1050	0 314237 154650 	468887	6.45476	6.5039	12399	666.612	0.161543	0	1.02	1.02
97	0.002004	0.000103997	1489.4	1050	105	920.982	46.3416	46.3416	185.366	185.366	0 18808.4 7258.72 	26067.1	0.002108	7.28466e-05	1050	1050	1050	0 314244 154654 	468898	6.45467	6.5039	12399	666.612	0.161548	0	1.02	1.02
98	0.00200401	0.000103989	1489.28	1050	105	920.589	46.3695	46.3695	185.478	185.478	0 18806 7260.06 	26066	0.002108	7.28465e-05	1050	1050	1050	0 314251 154657 	468909	6.45458	6.5039	12399	666.612	0.161552	0	1.02	1.02
99	0.00200402	0.000103981	1489.17	1050	105	920.198	46.3974	46.3974	185.59	185.59	0 18803.6 7261.41 	26065	0.002108	7.28465e-05	1050	1050	1050	0 314258 154661 	468919	6.4545	6.5039	12399	666.612	0.161557	0	1.02	1.02
100	0.00200403	0.000103973	1489.06	1050	105	919.808	46.4254	46.4254	185.702	185.702	0 18801.1 7262.79 	26063.9	0.002108	7.28465e-05	1050	1050	1050	0 314266 154664 	468930	6.45441	6.5039	12399	666.612	0.161561	0	1.02	1.02
101	0.00200404	0.000103965	1488.96	1050	105	919.421	46.4534	46.4534	185.814	185.814	0 18798.7 7264.18 	26062.9	0.002108	7.28465e-05	1050	1050	1050	0 314272 154668 	468940	6.45433	6.5039	12399	666.612	0.161566	0	1.02	1.02
102	0.00200405	0.000103958	1488.85	1050	105	919.035	46.4816	46.4816	185.926	185.926	0 18796.3 7265.59 	26061.9	0.00210801	7.28464e-05	1050	1050	1050	0 314279 154671 	468950	6.45425	6.5039	12399	666.612	0.16157	0	1.02	1.02
103	0.00200406	0.00010395	1488.75	1050	105	918.652	46.5098	46.5098	186.039	186.039	0 18794 7267.02 	26061	0.00210801	7.28464e-05	1050	1050	1050	0 314286 154674 	468960	6.45418	6.5039	12399	666.612	0.161575	0	1.02	1.02
104	0.00200406	0.000103943	1488.65	1050	105	918.27	46.538	46.538	186.152	186.152	0 18791.6 7268.46 	26060	0.00210801	7.28464e-05	1050	1050	1050	0 314293 154678 	468970	6.4541	6.5039	12399	666.612	0.161579	0	1.02	1.02
105	0.00200407	0.000103936	1488.55	1050	105	917.89	46.5663	46.5663	186.265	186.265	0 18789.2 7269.92 	26059.1	0.00210801	7.28464e-05	1050	1050	1050	0 314299 154681 	468980	6.45402	6.5039	12399	666.612	0.161584	0	1.02	1.02
106	0.00200408	0.000103929	1488.46	1050	105	917.512	46.5947	46.5947	186.379	186.379	0 18786.8 7271.4 	26058.2	0.00210801	7.28463e-05	1050	1050	1050	0 314306 154684 	468990	6.45395	6.5039	12399	666.612	0.161588	0	1.02	1.02
107	0.00200409	0.000103923	1488.37	1050	105	917.136	46.6231	46.6231	186.492	186.492	0 18784.5 7272.89 	26057.4	0.00210801	7.28463e-05	1050	1050	1050	0 314312 154687 	468999	6.45388	6.5039	12399	666.612	0.161593	0	1.02	1.02
108	0.00200409	0.000103916	1488.28	1050	105	916.762	46.6516	46.6516	186.606	186.606	0 18782.1 7274.4 	26056.5	0.00210801	7.28463e-05	1050	1050	1050	0 314319 154690 	469009	6.45381	6.5039	12399	666.612	0.161597	0	1.02	1.02
109	0.0020041	0.00010391	1488.19	1050	105	916.39	46.6801	46.6801	186.721	186.721	0 18779.7 7275.93 	26055.7	0.00210801	7.28463e-05	1050	1050	1050	0 314325 154693 	469018	6.45375	6.5039	12399	666.612	0.161602	0	1.02	1.02
110	0.00200411	0.000103904	1488.11	1050	105	916.019	46.7087	46.7087	186.835	186.835	0 18777.4 7277.47 	26054.9	0.00210801	7.28463e-05	1050	1050	1050	0 314331 154696 	469027	6.45368	6.5039	12399	666.612	0.161606	0	1.02	1.02
111	0.00200411	0.000103898	1488.02	1050	105	915.65	46.7374	46.7374	186.95	186.95	0 18775.1 7279.03 	26054.1	0.00210801	7.28462e-05	1050	1050	1050	0 314337 154699 	469036	6.45362	6.5039	12399	666.612	0.16161	0	1.02	1.02
112	0.00200412	0.000103892	1487.94	1050	105	915.283	46.7661	46.7661	187.064	187.064	0 18772.7 7280.61 	26053.3	0.00210801	7.28462e-05	1050	1050	1050	0 314343 154702 	469045	6.45355	6.5039	12399	666.612	0.161615	0	1.02	1.02
113	0.00200413	0.000103887	1487.87	1050	105	914.918	46.7948	46.7948	187.179	187.179	0 18770.4 7282.2 	26052.6	0.00210801	7.28462e-05	1050	1050	1050	0 314349 154705 	469054	6.45349	6.5039	12399	666.612	0.161619	0	1.02	1.02
114	0.00200413	0.000103881	1487.79	1050	105	914.555	46.8236	46.8236	187.295	187.295	0 18768.1 7283.8 	26051.9	0.00210801	7.28462e-05	1050	1050	1050	0 314355 154708 	469063	6.45344	6.5039	12399	666.612	0.161624	0	1.02	1.02
115	0.00200414	0.000103876	1487.72	1050	105	914.193	46.8525	46.8525	187.41	187.41	0 18765.7 7285.42 	26051.2	0.00210801	7.28461e-05	1050	1050	1050	0 314361 154710 	469071	6.45338	6.5039	12399	666.612	0.161628	0	1.02	1.02
116	0.00200414	0.000103871	1487.65	1050	105	913.833	46.8814	46.8814	187.526	187.526	0 18763.4 7287.06 	26050.5	0.00210801	7.28461e-05	1050	1050	1050	0 314366 154713 	469080	6.45332	6.5039	12399	666.612	0.161633	0	1.02	1.02
117	0.00200415	0.000103866	1487.58	1050	105	913.475	46.9104	46.9104	187.642	187.642	0 18761.1 7288.71 	26049.8	0.00210802	7.28461e-05	1050	1050	1050	0 314372 154716 	469088	6.45327	6.5039	12399	666.612	0.161637	0	1.02	1.02
118	0.00200416	0.000103861	1487.51	1050	105	913.119	46.9394	46.9394	187.758	187.758	0 18758.8 7290.37 	26049.2	0.00210802	7.28461e-05	1050	1050	1050	0 314378 154719 	469096	6.45322	6.5039	12399	666.612	0.161642	0	1.02	1.02
119	0.00200416	0.000103856	1487.45	1050	105	912.764	46.9684	46.9684	187.874	187.874	0 18756.5 7292.05 	26048.6	0.00210802	7.28461e-05	1050	1050	1050	0 314383 154721 	469104	6.45317	6.5039	12399	666.612	0.161646	0	1.02	1.02
120	0.00200417	0.000103852	1487.39	1050	105	912.411	46.9975	46.9975	187.99	187.99	0 18754.2 7293.75 	26048	0.00210802	7.2846e-05	1050	1050	1050	0 314388 154724 	469112	6.45312	6.5039	12399	666.612	0.16165	0	1.02	1.02
121	0.00200417	0.000103848	1487.33	1050	105	912.059	47.0267	47.0267	188.107	188.107	0 18751.9 7295.45 	26047.4	0.00210802	7.2846e-05	1050	1050	1050	0 314394 154726 	469120	6.45307	6.5039	12399	666.612	0.161655	0	1.02	1.02
122	0.00200417	0.000103843	1487.27	1050	105	911.71	47.0559	47.0559	188.223	188.223	0 18749.7 7297.17 	26046.8	0.00210802	7.2846e-05	1050	1050	1050	0 314399 154729 	469128	6.45303	6.5039	12399	666.612	0.161659	0	1.02	1.02
123	0.00200418	0.000103839	1487.21	1050	105	911.362	47.0851	47.0851	188.34	188.34	0 18747.4 7298.91 	26046.3	0.00210802	7.2846e-05	1050	1050	1050	0 314404 154731 	469135	6.45298	6.5039	12399	666.612	0.161664	0	1.02	1.02
124	0.00200418	0.000103836	1487.16	1050	105	911.015	47.1144	47.1144	188.458	188.458	0 18745.1 7300.66 	26045.8	0.00210802	7.2846e-05	1050	1050	1050	0 314409 154734 	469143	6.45294	6.5039	12399	666.612	0.161668	0	1.02	1.02
125	0.00200419	0.000103832	1487.11	1050	105	910.671	47.1437	47.1437	188.575	188.575	0 18742.9 7302.42 	26045.3	0.00210802	7.2846e-05	1050	1050	1050	0 314414 154736 	469150	6.4529	6.5039	12399	666.612	0.161672	0	1.02	1.02
126	0.00200419	0.000103828	1487.06	1050	105	910.328	47.1731	47.1731	188.692	188.692	0 18740.6 7304.19 	26044.8	0.00210802	7.28459e-05	1050	1050	1050	0 314419 154739 	469158	6.45286	6.5039	12399	666.612	0.161677	0	1.02	1.02
127	0.0020042	0.000103825	1487.01	1050	105	909.986	47.2025	47.2025	188.81	188.81	0 18738.4 7305.98 	26044.3	0.00210802	7.28459e-05	1050	1050	1050	0 314424 154741 	469165	6.45282	6.5039	12399	666.612	0.161681	0	1.02	1.02
128	0.0020042	0.000103822	1486.97	1050	105	909.646	47.2319	47.2319	188.928	188.928	0 18736.1 7307.78 	26043.9	0.00210802	7.28459e-05	1050	1050	1050	0 314429 154743 	469172	6.45278	6.5039	12399	666.612	0.161685	0	1.02	1.02
129	0.0020042	0.000103818	1486.92	1050	105	909.308	47.2614	47.2614	189.046	189.046	0 18733.9 7309.59 	26043.5	0.00210802	7.28459e-05	1050	1050	1050	0 314433 154746 	469179	6.45275	6.5039	12399	666.612	0.16169	0	1.02	1.02
130	0.00200421	0.000103816	1486.88	1050	105	908.972	47.2909	47.2909	189.164	189.164	0 18731.6 7311.42 	26043.1	0.00210802	7.28459e-05	1050	1050	1050	0 314438 154748 	469186	6.45271	6.5039	12399	666.612	0.161694	0	1.02	1.02
131	0.00200421	0.000103813	1486.84	1050	105	908.637	47.3205	47.3205	189.282	189.282	0 18729.4 7313.26 	26042.7	0.00210802	7.28458e-05	1050	1050	1050	0 314442 154750 	469192	6.45268	6.5039	12399	666.612	0.161699	0	1.02	1.02
132	0.00200421	0.00010381	1486.8	1050	105	908.303	47.3501	47.3501	189.4	189.4	0 18727.2 7315.11 	26042.3	0.00210802	7.28458e-05	1050	1050	1050	0 314447 154752 	469199	6.45265	6.5039	12399	666.612	0.161703	0	1.02	1.02
133	0.00200422	0.000103807	1486.77	1050	105	907.971	47.3797	47.3797	189.519	189.519	0 18725 7316.97 	26041.9	0.00210802	7.28458e-05	1050	1050	1050	0 314451 154754 	469206	6.45262	6.5039	12399	666.612	0.161707	0	1.02	1.02
134	0.00200422	0.000103805	1486.73	1050	105	907.641	47.4094	47.4094	189.637	189.637	0 18722.8 7318.84 	26041.6	0.00210802	7.28458e-05	1050	1050	1050	0 314456 154756 	469212	6.45259	6.5039	12399	666.612	0.161712	0	1.02	1.02
135	0.00200422	0.000103803	1486.7	1050	105	907.312	47.4391	47.4391	189.756	189.756	0 18720.6 7320.73 	26041.3	0.00210803	7.28458e-05	1050	1050	1050	0 314460 154758 	469218	6.45257	6.5039	12399	666.612	0.161716	0	1.02	1.02
136	0.00200423	0.0001038	1486.67	1050	105	906.985	47.4688	47.4688	189.875	189.875	0 18718.4 7322.63 	26041	0.00210803	7.28458e-05	1050	1050	1050	0 314464 154760 	469225	6.45254	6.5039	12399	666.612	0.16172	0	1.02	1.02
137	0.00200423	0.000103798	1486.64	1050	105	906.659	47.4986	47.4986	189.994	189.994	0 18716.2 7324.54 	26040.7	0.00210803	7.28458e-05	1050	1050	1050	0 314468 154762 	469231	6.45252	6.5039	12399	666.612	0.161725	0	1.02	1.02
138	0.00200423	0.000103797	1486.62	1050	105	906.335	47.5284	47.5284	190.114	190.114	0 18714 7326.46 	26040.4	0.00210803	7.28457e-05	1050	1050	1050	0 314472 154764 	469237	6.45249	6.5039	12399	666.612	0.161729	0	1.02	1.02
139	0.00200423	0.000103795	1486.59	1050	105	906.012	47.5582	47.5582	190.233	190.233	0 18711.8 7328.39 	26040.2	0.00210803	7.28457e-05	1050	1050	1050	0 314476 154766 	469243	6.45247	6.5039	12399	666.612	0.161733	0	1.02	1.02
140	0.00200423	0.000103793	1486.57	1050	105	905.69	47.5881	47.5881	190.352	190.352	0 18709.6 7330.33 	26039.9	0.00210803	7.28457e-05	1050	1050	1050	0 314480 154768 	469249	6.45245	6.5039	12399	666.612	0.161738	0	1.02	1.02
141	0.00200424	0.000103792	1486.55	1050	105	905.371	47.618	47.618	190.472	190.472	0 18707.4 7332.28 	26039.7	0.00210803	7.28457e-05	1050	1050	1050	0 314484 154770 	469254	6.45243	6.5039	12399	666.612	0.161742	0	1.02	1.02
142	0.00200424	0.00010379	1486.53	1050	105	905.052	47.6479	47.6479	190.592	190.592	0 18705.3 7334.25 	26039.5	0.00210803	7.28457e-05	1050	1050	1050	0 314488 154772 	469260	6.45242	6.5039	12399	666.612	0.161746	0	1.02	1.02
143	0.00200424	0.000103789	1486.51	1050	105	904.735	47.6778	47.6778	190.711	190.711	0 18703.1 7336.22 	26039.3	0.00210803	7.28457e-05	1050	1050	1050	0 314492 154774 	469266	6.4524	6.5039	12399	666.612	0.161751	0	1.02	1.02
144	0.00200424	0.000103788	1486.5	1050	105	904.42	47.7078	47.7078	190.831	190.831	0 18701 7338.2 	26039.2	0.00210803	7.28457e-05	1050	1050	1050	0 314495 154776 	469271	6.45239	6.5039	12399	666.612	0.161755	0	1.02	1.02
145	0.00200424	0.000103787	1486.48	1050	105	904.106	47.7378	47.7378	190.951	190.951	0 18698.8 7340.2 	26039	0.00210803	7.28456e-05	1050	1050	1050	0 314499 154777 	469276	6.45237	6.5039	12399	666.612	0.161759	0	1.02	1.02
146	0.00200424	0.000103786	1486.47	1050	105	903.793	47.7679	47.7679	191.071	191.071	0 18696.7 7342.2 	26038.9	0.00210803	7.28456e-05	1050	1050	1050	0 314503 154779 	469282	6.45236	6.5039	12399	666.612	0.161764	0	1.02	1.02
147	0.00200425	0.000103785	1486.46	1050	105	903.482	47.7979	47.7979	191.192	191.192	0 18694.5 7344.22 	26038.7	0.00210803	7.28456e-05	1050	1050	1050	0 314506 154781 	469287	6.45235	6.5039	12399	666.612	0.161768	0	1.02	1.02
148	0.00200425	0.000103784	1486.45	1050	105	903.172	47.828	47.828	191.312	191.312	0 18692.4 7346.24 	26038.6	0.00210803	7.28456e-05	1050	1050	1050	0 314509 154782 	469292	6.45234	6.5039	12399	666.612	0.161772	0	1.02	1.02
149	0.00200425	0.000103784	1486.45	1050	105	902.864	47.8581	47.8581	191.432	191.432	0 18690.3 7348.28 	26038.5	0.00210803	7.28456e-05	1050	1050	1050	0 314513 154784 	469297	6.45233	6.5039	12399	666.612	0.161776	0	1.02	1.02
150	0.00200425	0.000103783	1486.44	1050	105	902.557	47.8882	47.8882	191.553	191.553	0 18688.1 7350.32 	26038.5	0.00210803	7.28456e-05	1050	1050	1050	0 314516 154786 	469302	6.45232	6.5039	12399	666.612	0.161781	0	1.02	1.02
151	0.00200425	0.000103783	1486.44	1050	105	902.252	47.9184	47.9184	191.674	191.674	0 18686 7352.37 	26038.4	0.00210803	7.28456e-05	1050	1050	1050	0 314519 154787 	469307	6.45232	6.5039	12399	666.612	0.161785	0	1.02	1.02
152	0.00200425	0.000103783	1486.43	1050	105	901.947	47.9486	47.9486	191.794	191.794	0 18683.9 7354.44 	26038.4	0.00210803	7.28456e-05	1050	1050	1050	0 314523 154789 	469311	6.45231	6.5039	12399	666.612	0.161789	0	1.02	1.02
153	0.00200425	0.000103783	1486.43	1050	105	901.644	47.9788	47.9788	191.915	191.915	0 18681.8 7356.51 	26038.3	0.00210803	7.28455e-05	1050	1050	1050	0 314526 154790 	469316	6.45231	6.5039	12399	666.612	0.161794	0	1.02	1.02
154	0.00200425	0.000103783	1486.43	1050	105	901.343	48.009	48.009	192.036	192.036	0 18679.7 7358.59 	26038.3	0.00210803	7.28455e-05	1050	1050	1050	0 314529 154792 	469321	6.4523	6.5039	12399	666.612	0.161798	0	1.02	1.02
155	0.00200425	0.000103783	1486.44	1050	105	901.043	48.0392	48.0392	192.157	192.157	0 18677.6 7360.68 	26038.3	0.00210803	7.28455e-05	1050	1050	1050	0 314532 154793 	469325	6.4523	6.5039	12399	666.612	0.161802	0	1.02	1.02
156	0.00200425	0.000103783	1486.44	1050	105	900.744	48.0695	48.0695	192.278	192.278	0 18675.5 7362.78 	26038.3	0.00210803	7.28455e-05	1050	1050	1050	0 314535 154795 	469330	6.4523	6.5039	12399	666.612	0.161806	0	1.02	1.02
157	0.00200425	0.000103784	1486.44	1050	105	900.447	48.0998	48.0998	192.399	192.399	0 18673.4 7364.88 	26038.3	0.00210803	7.28455e-05	1050	1050	1050	0 314538 154796 	469334	6.4523	6.5039	12399	666.612	0.161811	0	1.02	1.02
158	0.00200425	0.000103784	1486.45	1050	105	900.15	48.1301	48.1301	192.52	192.52	0 18671.4 7367 	26038.4	0.00210803	7.28455e-05	1050	1050	1050	0 314541 154798 	469338	6.4523	6.5039	12399	666.612	0.161815	0	1.02	1.02
159	0.00200425	0.000103785	1486.46	1050	105	899.856	48.1604	48.1604	192.642	192.642	0 18669.3 7369.12 	26038.4	0.00210803	7.28455e-05	1050	1050	1050	0 314543 154799 	469342	6.45231	6.5039	12399	666.612	0.161819	0	1.02	1.02
160	0.00200425	0.000103785	1486.47	1050	105	899.562	48.1907	48.1907	192.763	192.763	0 18667.2 7371.25 	26038.5	0.00210803	7.28455e-05	1050	1050	1050	0 314546 154800 	469346	6.45231	6.5039	12399	666.612	0.161823	0	1.02	1.02
161	0.00200425	0.000103786	1486.48	1050	105	899.27	48.2211	48.2211	192.884	192.884	0 18665.2 7373.39 	26038.6	0.00210803	7.28455e-05	1050	1050	1050	0 314549 154802 	469350	6.45231	6.5039	12399	666.612	0.161827	0	1.02	1.02
162	0.00200425	0.000103787	1486.49	1050	105	898.979	48.2514	48.2514	193.006	193.006	0 18663.1 7375.54 	26038.6	0.00210804	7.28455e-05	1050	1050	1050	0 314552 154803 	469354	6.45232	6.5039	12399	666.612	0.161832	0	1.02	1.02
163	0.00200425	0.000103788	1486.51	1050	105	898.689	48.2818	48.2818	193.127	193.127	0 18661.1 7377.7 	26038.8	0.00210804	7.28454e-05	1050	1050	1050	0 314554 154804 	469358	6.45233	6.5039	12399	666.612	0.161836	0	1.02	1.02
164	0.00200425	0.000103789	1486.52	1050	105	898.401	48.3122	48.3122	193.249	193.249	0 18659 7379.86 	26038.9	0.00210804	7.28454e-05	1050	1050	1050	0 314557 154805 	469362	6.45234	6.5039	12399	666.612	0.16184	0	1.02	1.02
165	0.00200425	0.00010379	1486.54	1050	105	898.114	48.3426	48.3426	193.37	193.37	0 18657 7382.03 	26039	0.00210804	7.28454e-05	1050	1050	1050	0 314559 154806 	469366	6.45234	6.5039	12399	666.612	0.161844	0	1.02	1.02
166	0.00200424	0.000103792	1486.56	1050	105	897.828	48.373	48.373	193.492	193.492	0 18654.9 7384.21 	26039.1	0.00210804	7.28454e-05	1050	1050	1050	0 314562 154808 	469369	6.45235	6.5039	12399	666.612	0.161849	0	1.02	1.02
167	0.00200424	0.000103793	1486.58	1050	105	897.543	48.4035	48.4035	193.614	193.614	0 18652.9 7386.4 	26039.3	0.00210804	7.28454e-05	1050	1050	1050	0 314564 154809 	469373	6.45237	6.5039	12399	666.612	0.161853	0	1.02	1.02
168	0.00200424	0.000103795	1486.6	1050	105	897.26	48.4339	48.4339	193.736	193.736	0 18650.9 7388.59 	26039.5	0.00210804	7.28454e-05	1050	1050	1050	0 314566 154810 	469376	6.45238	6.5039	12399	666.612	0.161857	0	1.02	1.02
169	0.00200424	0.000103796	1486.62	1050	105	896.978	48.4644	48.4644	193.858	193.858	0 18648.9 7390.79 	26039.6	0.00210804	7.28454e-05	1050	1050	1050	0 314569 154811 	469380	6.45239	6.5039	12399	666.612	0.161861	0	1.02	1.02
170	0.00200424	0.000103798	1486.65	1050	105	896.697	48.4949	48.4949	193.979	193.979	0 18646.8 7393 	26039.8	0.00210804	7.28454e-05	1050	1050	1050	0 314571 154812 	469383	6.4524	6.5039	12399	666.612	0.161865	0	1.02	1.02
171	0.00200424	0.0001038	1486.67	1050	105	896.417	48.5253	48.5253	194.101	194.101	0 18644.8 7395.21 	26040	0.00210804	7.28454e-05	1050	1050	1050	0 314573 154813 	469386	6.45242	6.5039	12399	666.612	0.161869	0	1.02	1.02
172	0.00200424	0.000103802	1486.7	1050	105	896.138	48.5558	48.5558	194.223	194.223	0 18642.8 7397.43 	26040.3	0.00210804	7.28454e-05	1050	1050	1050	0 314575 154814 	469389	6.45243	6.5039	12399	666.612	0.161874	0	1.02	1.02
173	0.00200423	0.000103804	1486.72	1050	105	895.861	48.5863	48.5863	194.345	194.345	0 18640.8 7399.66 	26040.5	0.00210804	7.28454e-05	1050	1050	1050	0 314577 154815 	469392	6.45245	6.5039	12399	666.612	0.161878	0	1.02	1.02
174	0.00200423	0.000103806	1486.75	1050	105	895.585	48.6168	48.6168	194.467	194.467	0 18638.8 7401.89 	26040.7	0.00210804	7.28454e-05	1050	1050	1050	0 314579 154816 	469395	6.45247	6.5039	12399	666.612	0.161882	0	1.02	1.02
175	0.00200423	0.000103808	1486.78	1050	105	895.31	48.6474	48.6474	194.589	194.589	0 18636.8 7404.14 	26041	0.00210804	7.28453e-05	1050	1050	1050	0 314581 154817 	469398	6.45249	6.5039	12399	666.612	0.161886	0	1.02	1.02
176	0.00200423	0.00010381	1486.81	1050	105	895.036	48.6779	48.6779	194.712	194.712	0 18634.9 7406.38 	26041.2	0.00210804	7.28453e-05	1050	1050	1050	0 314583 154818 	469401	6.45251	6.5039	12399	666.612	0.16189	0	1.02	1.02
177	0.00200423	0.000103812	1486.85	1050	105	894.764	48.7084	48.7084	194.834	194.834	0 18632.9 7408.64 	26041.5	0.00210804	7.28453e-05	1050	1050	1050	0 314585 154819 	469404	6.45253	6.5039	12399	666.612	0.161894	0	1.02	1.02
178	0.00200422	0.000103815	1486.88	1050	105	894.492	48.739	48.739	194.956	194.956	0 18630.9 7410.9 	26041.8	0.00210804	7.28453e-05	1050	1050	1050	0 314587 154820 	469407	6.45255	6.5039	12399	666.612	0.161898	0	1.02	1.02
179	0.00200422	0.000103817	1486.92	1050	105	894.222	48.7695	48.7695	195.078	195.078	0 18628.9 7413.16 	26042.1	0.00210804	7.28453e-05	1050	1050	1050	0 314589 154821 	469409	6.45257	6.5039	12399	666.612	0.161903	0	1.02	1.02
180	0.00200422	0.00010382	1486.95	1050	105	893.953	48.8001	48.8001	195.2	195.2	0 18627 7415.43 	26042.4	0.00210804	7.28453e-05	1050	1050	1050	0 314590 154822 	469412	6.4526	6.5039	12399	666.612	0.161907	0	1.02	1.02
181	0.00200422	0.000103823	1486.99	1050	105	893.685	48.8306	48.8306	195.322	195.322	0 18625 7417.71 	26042.7	0.00210804	7.28453e-05	1050	1050	1050	0 314592 154822 	469415	6.45262	6.5039	12399	666.612	0.161911	0	1.02	1.02
182	0.00200421	0.000103825	1487.03	1050	105	893.418	48.8612	48.8612	195.445	195.445	0 18623.1 7419.99 	26043.1	0.00210804	7.28453e-05	1050	1050	1050	0 314594 154823 	469417	6.45264	6.5039	12399	666.612	0.161915	0	1.02	1.02
183	0.00200421	0.000103828	1487.07	1050	105	893.152	48.8917	48.8917	195.567	195.567	0 18621.1 7422.28 	26043.4	0.00210804	7.28453e-05	1050	1050	1050	0 314595 154824 	469419	6.45267	6.5039	12399	666.612	0.161919	0	1.02	1.02
184	0.00200421	0.000103831	1487.11	1050	105	892.887	48.9223	48.9223	195.689	195.689	0 18619.2 7424.58 	26043.8	0.00210804	7.28453e-05	1050	1050	1050	0 314597 154825 	469422	6.4527	6.5039	12399	666.612	0.161923	0	1.02	1.02
185	0.00200421	0.000103834	1487.15	1050	105	892.624	48.9529	48.9529	195.811	195.811	0 18617.2 7426.87 	26044.1	0.00210804	7.28453e-05	1050	1050	1050	0 314598 154826 	469424	6.45272	6.5039	12399	666.612	0.161927	0	1.02	1.02
186	0.0020042	0.000103837	1487.2	1050	105	892.361	48.9834	48.9834	195.934	195.934	0 18615.3 7429.18 	26044.5	0.00210804	7.28453e-05	1050	1050	1050	0 314600 154826 	469426	6.45275	6.5039	12399	666.612	0.161931	0	1.02	1.02
187	0.0020042	0.00010384	1487.24	1050	105	892.1	49.014	49.014	196.056	196.056	0 18613.4 7431.49 	26044.9	0.00210804	7.28453e-05	1050	1050	1050	0 314601 154827 	469428	6.45278	6.5039	12399	666.612	0.161935	0	1.02	1.02
188	0.0020042	0.000103844	1487.29	1050	105	891.84	49.0446	49.0446	196.178	196.178	0 18611.5 7433.8 	26045.3	0.00210804	7.28453e-05	1050	1050	1050	0 314603 154828 	469430	6.45281	6.5039	12399	666.612	0.16194	0	1.02	1.02
189	0.00200419	0.000103847	1487.33	1050	105	891.581	49.0752	49.0752	196.301	196.301	0 18609.6 7436.12 	26045.7	0.00210804	7.28453e-05	1050	1050	1050	0 314604 154828 	469432	6.45284	6.5039	12399	666.612	0.161944	0	1.02	1.02
190	0.00200419	0.00010385	1487.38	1050	105	891.322	49.1058	49.1058	196.423	196.423	0 18607.6 7438.45 	26046.1	0.00210804	7.28453e-05	1050	1050	1050	0 314605 154829 	469434	6.45287	6.5039	12399	666.612	0.161948	0	1.02	1.02
191	0.00200419	0.000103854	1487.43	1050	105	891.065	49.1363	49.1363	196.545	196.545	0 18605.7 7440.78 	26046.5	0.00210804	7.28453e-05	1050	1050	1050	0 314607 154830 	469436	6.45291	6.5039	12399	666.612	0.161952	0	1.02	1.02
192	0.00200418	0.000103857	1487.48	1050	105	890.809	49.1669	49.1669	196.668	196.668	0 18603.8 7443.11 	26046.9	0.00210804	7.28452e-05	1050	1050	1050	0 314608 154830 	469438	6.45294	6.5039	12399	666.612	0.161956	0	1.02	1.02
193	0.00200418	0.000103861	1487.53	1050	105	890.555	49.1975	49.1975	196.79	196.79	0 18601.9 7445.45 	26047.4	0.00210804	7.28452e-05	1050	1050	1050	0 314609 154831 	469440	6.45297	6.5039	12399	666.612	0.16196	0	1.02	1.02
194	0.00200418	0.000103865	1487.58	1050	105	890.301	49.2281	49.2281	196.912	196.912	0 18600 7447.8 	26047.8	0.00210804	7.28452e-05	1050	1050	1050	0 314610 154831 	469442	6.45301	6.5039	12399	666.612	0.161964	0	1.02	1.02
195	0.00200417	0.000103868	1487.63	1050	105	890.048	49.2586	49.2586	197.035	197.035	0 18598.2 7450.15 	26048.3	0.00210804	7.28452e-05	1050	1050	1050	0 314611 154832 	469443	6.45304	6.5039	12399	666.612	0.161968	0	1.02	1.02
196	0.00200417	0.000103872	1487.69	1050	105	889.796	49.2892	49.2892	197.157	197.157	0 18596.3 7452.5 	26048.8	0.00210804	7.28452e-05	1050	1050	1050	0 314613 154832 	469445	6.45308	6.5039	12399	666.612	0.161972	0	1.02	1.02
197	0.00200417	0.000103876	1487.74	1050	105	889.545	49.3198	49.3198	197.279	197.279	0 18594.4 7454.86 	26049.3	0.00210804	7.28452e-05	1050	1050	1050	0 314614 154833 	469446	6.45312	6.5039	12399	666.612	0.161976	0	1.02	1.02
198	0.00200416	0.00010388	1487.8	1050	105	889.296	49.3503	49.3503	197.401	197.401	0 18592.5 7457.22 	26049.7	0.00210804	7.28452e-05	1050	1050	1050	0 314615 154833 	469448	6.45315	6.5039	12399	666.612	0.16198	0	1.02	1.02
199	0.00200416	0.000103884	1487.86	1050	105	889.047	49.3809	49.3809	197.524	197.524	0 18590.7 7459.58 	26050.2	0.00210804	7.28452e-05	1050	1050	1050	0 314616 154834 	469449	6.45319	6.5039	12399	666.612	0.161984	0	1.02	1.02
200	0.00200415	0.000103888	1487.91	1050	105	888.799	49.4114	49.4114	197.646	197.646	0 18588.8 7461.95 	26050.7	0.00210804	7.28452e-05	1050	1050	1050	0 314616 154834 	469451	6.45323	6.5039	12399	666.612	0.161988	0	1.02	1.02
201	0.00200415	0.000103893	1487.97	1050	105	888.553	49.442	49.442	197.768	197.768	0 18586.9 7464.32 	26051.3	0.00210804	7.28452e-05	1050	1050	1050	0 314617 154835 	469452	6.45327	6.5039	12399	666.612	0.161992	0	1.02	1.02
202	0.00200415	0.000103897	1488.03	1050	105	888.307	49.4725	49.4725	197.89	197.89	0 18585.1 7466.7 	26051.8	0.00210804	7.28452e-05	1050	1050	1050	0 314618 154835 	469453	6.45331	6.5039	12399	666.612	0.161996	0	1.02	1.02
203	0.00200414	0.000103901	1488.09	1050	105	888.062	49.5031	49.5031	198.012	198.012	0 18583.2 7469.08 	26052.3	0.00210804	7.28452e-05	1050	1050	1050	0 314619 154836 	469455	6.45335	6.5039	12399	666.612	0.162	0	1.02	1.02
204	0.00200414	0.000103906	1488.15	1050	105	887.818	49.5336	49.5336	198.134	198.134	0 18581.4 7471.46 	26052.9	0.00210804	7.28452e-05	1050	1050	1050	0 314620 154836 	469456	6.45339	6.5039	12399	666.612	0.162004	0	1.02	1.02
205	0.00200413	0.00010391	1488.22	1050	105	887.576	49.5641	49.5641	198.256	198.256	0 18579.6 7473.85 	26053.4	0.00210804	7.28452e-05	1050	1050	1050	0 314621 154836 	469457	6.45344	6.5039	12399	666.612	0.162008	0	1.02	1.02
206	0.00200413	0.000103915	1488.28	1050	105	887.334	49.5946	49.5946	198.379	198.379	0 18577.7 7476.24 	26054	0.00210804	7.28452e-05	1050	1050	1050	0 314621 154837 	469458	6.45348	6.5039	12399	666.612	0.162012	0	1.02	1.02
207	0.00200412	0.000103919	1488.34	1050	105	887.093	49.6251	49.6251	198.501	198.501	0 18575.9 7478.64 	26054.5	0.00210804	7.28452e-05	1050	1050	1050	0 314622 154837 	469459	6.45352	6.5039	12399	666.612	0.162016	0	1.02	1.02
208	0.00200412	0.000103924	1488.41	1050	105	886.853	49.6557	49.6557	198.623	198.623	0 18574.1 7481.04 	26055.1	0.00210804	7.28452e-05	1050	1050	1050	0 314623 154837 	469460	6.45357	6.5039	12399	666.612	0.16202	0	1.02	1.02
209	0.00200411	0.000103929	1488.48	1050	105	886.615	49.6861	49.6861	198.745	198.745	0 18572.3 7483.44 	26055.7	0.00210804	7.28452e-05	1050	1050	1050	0 314623 154838 	469461	6.45361	6.5039	12399	666.612	0.162024	0	1.02	1.02
210	0.00200411	0.000103934	1488.54	1050	105	886.377	49.7166	49.7166	198.867	198.867	0 18570.4 7485.84 	26056.3	0.00210804	7.28452e-05	1050	1050	1050	0 314624 154838 	469462	6.45366	6.5039	12399	666.612	0.162028	0	1.02	1.02
211	0.0020041	0.000103938	1488.61	1050	105	886.14	49.7471	49.7471	198.988	198.988	0 18568.6 7488.25 	26056.9	0.00210804	7.28452e-05	1050	1050	1050	0 314624 154838 	469462	6.4537	6.5039	12399	666.612	0.162032	0	1.02	1.02
212	0.0020041	0.000103943	1488.68	1050	105	885.904	49.7776	49.7776	199.11	199.11	0 18566.8 7490.66 	26057.5	0.00210804	7.28452e-05	1050	1050	1050	0 314625 154838 	469463	6.45375	6.5039	12399	666.612	0.162036	0	1.02	1.02
213	0.00200409	0.000103948	1488.75	1050	105	885.669	49.808	49.808	199.232	199.232	0 18565 7493.07 	26058.1	0.00210804	7.28452e-05	1050	1050	1050	0 314625 154839 	469464	6.4538	6.5039	12399	666.612	0.16204	0	1.02	1.02
214	0.00200409	0.000103953	1488.82	1050	105	885.434	49.8385	49.8385	199.354	199.354	0 18563.2 7495.49 	26058.7	0.00210804	7.28452e-05	1050	1050	1050	0 314626 154839 	469464	6.45385	6.5039	12399	666.612	0.162044	0	1.02	1.02
215	0.00200408	0.000103958	1488.89	1050	105	885.201	49.8689	49.8689	199.476	199.476	0 18561.5 7497.91 	26059.4	0.00210804	7.28452e-05	1050	1050	1050	0 314626 154839 	469465	6.4539	6.5039	12399	666.612	0.162047	0	1.02	1.02
216	0.00200408	0.000103964	1488.96	1050	105	884.969	49.8993	49.8993	199.597	199.597	0 18559.7 7500.33 	26060	0.00210804	7.28452e-05	1050	1050	1050	0 314626 154839 	469466	6.45395	6.5039	12399	666.612	0.162051	0	1.02	1.02
217	0.00200407	0.000103969	1489.03	1050	105	884.737	49.9297	49.9297	199.719	199.719	0 18557.9 7502.75 	26060.6	0.00210804	7.28452e-05	1050	1050	1050	0 314627 154839 	469466	6.454	6.5039	12399	666.612	0.162055	0	1.02	1.02
218	0.00200407	0.000103974	1489.11	1050	105	884.507	49.9601	49.9601	199.841	199.841	0 18556.1 7505.18 	26061.3	0.00210804	7.28452e-05	1050	1050	1050	0 314627 154839 	469467	6.45405	6.5039	12399	666.612	0.162059	0	1.02	1.02
219	0.00200406	0.000103979	1489.18	1050	105	884.277	49.9905	49.9905	199.962	199.962	0 18554.3 7507.61 	26062	0.00210804	7.28452e-05	1050	1050	1050	0 314627 154840 	469467	6.4541	6.5039	12399	666.612	0.162063	0	1.02	1.02
220	0.00200406	0.000103985	1489.26	1050	105	884.049	50.0209	50.0209	200.084	200.084	0 18552.6 7510.04 	26062.6	0.00210804	7.28452e-05	1050	1050	1050	0 314628 154840 	469467	6.45415	6.5039	12399	666.612	0.162067	0	1.02	1.02
221	0.00200405	0.00010399	1489.33	1050	105	883.821	50.0512	50.0512	200.205	200.205	0 18550.8 7512.47 	26063.3	0.00210804	7.28452e-05	1050	1050	1050	0 314628 154840 	469468	6.4542	6.5039	12399	666.612	0.162071	0	1.02	1.02
222	0.00200405	0.000103996	1489.41	1050	105	883.594	50.0816	50.0816	200.326	200.326	0 18549.1 7514.91 	26064	0.00210804	7.28452e-05	1050	1050	1050	0 314628 154840 	469468	6.45425	6.5039	12399	666.612	0.162075	0	1.02	1.02
223	0.00200404	0.000104001	1489.49	1050	105	883.368	50.1119	50.1119	200.448	200.448	0 18547.3 7517.35 	26064.7	0.00210804	7.28452e-05	1050	1050	1050	0 314628 154840 	469468	6.45431	6.5039	12399	666.612	0.162079	0	1.02	1.02
224	0.00200404	0.000104007	1489.57	1050	105	883.143	50.1422	50.1422	200.569	200.569	0 18545.6 7519.79 	26065.4	0.00210804	7.28452e-05	1050	1050	1050	0 314628 154840 	469468	6.45436	6.5039	12399	666.612	0.162082	0	1.02	1.02
225	0.00200403	0.000104012	1489.64	1050	105	882.918	50.1725	50.1725	200.69	200.69	0 18543.8 7522.23 	26066.1	0.00210804	7.28452e-05	1050	1050	1050	0 314628 154840 	469468	6.45442	6.5039	12399	666.612	0.162086	0	1.02	1.02
226	0.00200403	0.000104018	1489.72	1050	105	882.695	50.2028	50.2028	200.811	200.811	0 18542.1 7524.67 	26066.8	0.00210804	7.28452e-05	1050	1050	1050	0 314628 154840 	469469	6.45447	6.5039	12399	666.612	0.16209	0	1.02	1.02
227	0.00200402	0.000104024	1489.8	1050	105	882.472	50.2331	50.2331	200.932	200.932	0 18540.4 7527.12 	26067.5	0.00210804	7.28452e-05	1050	1050	1050	0 314629 154840 	469469	6.45453	6.5039	12399	666.612	0.162094	0	1.02	1.02
228	0.00200401	0.00010403	1489.88	1050	105	882.251	50.2633	50.2633	201.053	201.053	0 18538.6 7529.57 	26068.2	0.00210804	7.28452e-05	1050	1050	1050	0 314629 154840 	469469	6.45458	6.5039	12399	666.612	0.162098	0	1.02	1.02
229	0.00200401	0.000104035	1489.97	1050	105	882.03	50.2936	50.2936	201.174	201.174	0 18536.9 7532.02 	26068.9	0.00210804	7.28452e-05	1050	1050	1050	0 314629 154840 	469469	6.45464	6.5039	12399	666.612	0.162102	0	1.02	1.02
230	0.002004	0.000104041	1490.05	1050	105	881.81	50.3238	50.3238	201.295	201.295	0 18535.2 7534.47 	26069.7	0.00210804	7.28452e-05	1050	1050	1050	0 314628 154840 	469469	6.45469	6.5039	12399	666.612	0.162106	0	1.02	1.02
231	0.002004	0.000104047	1490.13	1050	105	881.591	50.354	50.354	201.416	201.416	0 18533.5 7536.92 	26070.4	0.00210804	7.28452e-05	1050	1050	1050	0 314628 154840 	469468	6.45475	6.5039	12399	666.612	0.162109	0	1.02	1.02
232	0.00200399	0.000104053	1490.21	1050	105	881.372	50.3842	50.3842	201.537	201.537	0 18531.8 7539.38 	26071.1	0.00210804	7.28452e-05	1050	1050	1050	0 314628 154840 	469468	6.45481	6.5039	12399	666.612	0.162113	0	1.02	1.02
233	0.00200398	0.000104059	1490.3	1050	105	881.155	50.4144	50.4144	201.657	201.657	0 18530.1 7541.83 	26071.9	0.00210804	7.28452e-05	1050	1050	1050	0 314628 154840 	469468	6.45487	6.5039	12399	666.612	0.162117	0	1.02	1.02
234	0.00200398	0.000104065	1490.38	1050	105	880.938	50.4445	50.4445	201.778	201.778	0 18528.4 7544.29 	26072.6	0.00210804	7.28452e-05	1050	1050	1050	0 314628 154840 	469468	6.45493	6.5039	12399	666.612	0.162121	0	1.02	1.02
235	0.00200397	0.000104071	1490.47	1050	105	880.722	50.4746	50.4746	201.899	201.899	0 18526.7 7546.75 	26073.4	0.00210804	7.28452e-05	1050	1050	1050	0 314628 154840 	469468	6.45499	6.5039	12399	666.612	0.162125	0	1.02	1.02
236	0.00200397	0.000104078	1490.55	1050	105	880.507	50.5048	50.5048	202.019	202.019	0 18525 7549.21 	26074.2	0.00210804	7.28452e-05	1050	1050	1050	0 314628 154840 	469467	6.45505	6.5039	12399	666.612	0.162128	0	1.02	1.02
237	0.00200396	0.000104084	1490.64	1050	105	880.293	50.5349	50.5349	202.139	202.139	0 18523.3 7551.67 	26075	0.00210804	7.28452e-05	1050	1050	1050	0 314627 154840 	469467	6.45511	6.5039	12399	666.612	0.162132	0	1.02	1.02
238	0.00200395	0.00010409	1490.73	1050	105	880.079	50.5649	50.5649	202.26	202.26	0 18521.6 7554.13 	26075.7	0.00210804	7.28452e-05	1050	1050	1050	0 314627 154839 	469467	6.45517	6.5039	12399	666.612	0.162136	0	1.02	1.02
239	0.00200395	0.000104096	1490.82	1050	105	879.867	50.595	50.595	202.38	202.38	0 18519.9 7556.59 	26076.5	0.00210804	7.28452e-05	1050	1050	1050	0 314627 154839 	469466	6.45523	6.5039	12399	666.612	0.16214	0	1.02	1.02
240	0.00200394	0.000104103	1490.91	1050	105	879.655	50.625	50.625	202.5	202.5	0 18518.2 7559.06 	26077.3	0.00210804	7.28452e-05	1050	1050	1050	0 314627 154839 	469466	6.45529	6.5039	12399	666.612	0.162143	0	1.02	1.02
241	0.00200393	0.000104109	1490.99	1050	105	879.444	50.655	50.655	202.62	202.62	0 18516.6 7561.52 	26078.1	0.00210804	7.28452e-05	1050	1050	1050	0 314626 154839 	469465	6.45535	6.5039	12399	666.612	0.162147	0	1.02	1.02
242	0.00200393	0.000104116	1491.08	1050	105	879.234	50.685	50.685	202.74	202.74	0 18514.9 7563.99 	26078.9	0.00210804	7.28452e-05	1050	1050	1050	0 314626 154839 	469465	6.45541	6.5039	12399	666.612	0.162151	0	1.02	1.02
243	0.00200392	0.000104122	1491.17	1050	105	879.024	50.715	50.715	202.86	202.86	0 18513.3 7566.46 	26079.7	0.00210804	7.28452e-05	1050	1050	1050	0 314625 154839 	469464	6.45548	6.5039	12399	666.612	0.162155	0	1.02	1.02
244	0.00200391	0.000104129	1491.27	1050	105	878.816	50.7449	50.7449	202.98	202.98	0 18511.6 7568.92 	26080.5	0.00210804	7.28452e-05	1050	1050	1050	0 314625 154838 	469463	6.45554	6.5039	12399	666.612	0.162158	0	1.02	1.02
245	0.00200391	0.000104135	1491.36	1050	105	878.608	50.7749	50.7749	203.099	203.099	0 18510 7571.39 	26081.3	0.00210804	7.28452e-05	1050	1050	1050	0 314625 154838 	469463	6.4556	6.5039	12399	666.612	0.162162	0	1.02	1.02
246	0.0020039	0.000104142	1491.45	1050	105	878.401	50.8048	50.8048	203.219	203.219	0 18508.3 7573.86 	26082.2	0.00210804	7.28452e-05	1050	1050	1050	0 314624 154838 	469462	6.45567	6.5039	12399	666.612	0.162166	0	1.02	1.02
247	0.00200389	0.000104148	1491.54	1050	105	878.194	50.8347	50.8347	203.339	203.339	0 18506.7 7576.33 	26083	0.00210804	7.28452e-05	1050	1050	1050	0 314624 154838 	469461	6.45573	6.5039	12399	666.612	0.16217	0	1.02	1.02
248	0.00200389	0.000104155	1491.63	1050	105	877.989	50.8645	50.8645	203.458	203.458	0 18505 7578.8 	26083.8	0.00210804	7.28452e-05	1050	1050	1050	0 314623 154837 	469461	6.4558	6.5039	12399	666.612	0.162173	0	1.02	1.02
249	0.00200388	0.000104162	1491.73	1050	105	877.784	50.8943	50.8943	203.577	203.577	0 18503.4 7581.27 	26084.7	0.00210804	7.28452e-05	1050	1050	1050	0 314623 154837 	469460	6.45586	6.5039	12399	666.612	0.162177	0	1.02	1.02
250	0.00200387	0.000104168	1491.82	1050	105	877.58	50.9242	50.9242	203.697	203.697	0 18501.8 7583.74 	26085.5	0.00210804	7.28452e-05	1050	1050	1050	0 314622 154837 	469459	6.45593	6.5039	12399	666.612	0.162181	0	1.02	1.02
251	0.00200387	0.000104175	1491.92	1050	105	877.376	50.954	50.954	203.816	203.816	0 18500.1 7586.22 	26086.4	0.00210804	7.28452e-05	1050	1050	1050	0 314621 154837 	469458	6.456	6.5039	12399	666.612	0.162185	0	1.02	1.02
252	0.00200386	0.000104182	1492.01	1050	105	877.174	50.9837	50.9837	203.935	203.935	0 18498.5 7588.69 	26087.2	0.00210804	7.28452e-05	1050	1050	1050	0 314621 154836 	469457	6.45606	6.5039	12399	666.612	0.162188	0	1.02	1.02
253	0.00200385	0.000104189	1492.11	1050	105	876.972	51.0135	51.0135	204.054	204.054	0 18496.9 7591.16 	26088.1	0.00210804	7.28452e-05	1050	1050	1050	0 314620 154836 	469456	6.45613	6.5039	12399	666.612	0.162192	0	1.02	1.02
254	0.00200385	0.000104196	1492.2	1050	105	876.771	51.0432	51.0432	204.173	204.173	0 18495.3 7593.63 	26088.9	0.00210804	7.28452e-05	1050	1050	1050	0 314620 154836 	469455	6.4562	6.5039	12399	666.612	0.162196	0	1.02	1.02
255	0.00200384	0.000104203	1492.3	1050	105	876.571	51.0729	51.0729	204.291	204.291	0 18493.7 7596.11 	26089.8	0.00210804	7.28452e-05	1050	1050	1050	0 314619 154835 	469454	6.45626	6.5039	12399	666.612	0.162199	0	1.02	1.02
256	0.00200383	0.00010421	1492.4	1050	105	876.371	51.1025	51.1025	204.41	204.41	0 18492.1 7598.58 	26090.7	0.00210804	7.28452e-05	1050	1050	1050	0 314618 154835 	469453	6.45633	6.5039	12399	666.612	0.162203	0	1.02	1.02
257	0.00200383	0.000104217	1492.49	1050	105	876.172	51.1322	51.1322	204.529	204.529	0 18490.5 7601.05 	26091.5	0.00210804	7.28452e-05	1050	1050	1050	0 314618 154835 	469452	6.4564	6.5039	12399	666.612	0.162207	0	1.02	1.02
258	0.00200382	0.000104224	1492.59	1050	105	875.974	51.1618	51.1618	204.647	204.647	0 18488.9 7603.52 	26092.4	0.00210804	7.28452e-05	1050	1050	1050	0 314617 154834 	469451	6.45647	6.5039	12399	666.612	0.16221	0	1.02	1.02
259	0.00200381	0.000104231	1492.69	1050	105	875.776	51.1914	51.1914	204.766	204.766	0 18487.3 7606 	26093.3	0.00210804	7.28452e-05	1050	1050	1050	0 314616 154834 	469450	6.45654	6.5039	12399	666.612	0.162214	0	1.02	1.02
260	0.0020038	0.000104238	1492.79	1050	105	875.58	51.2209	51.2209	204.884	204.884	0 18485.7 7608.47 	26094.2	0.00210804	7.28452e-05	1050	1050	1050	0 314615 154834 	469449	6.45661	6.5039	12399	666.612	0.162218	0	1.02	1.02
261	0.0020038	0.000104245	1492.89	1050	105	875.384	51.2505	51.2505	205.002	205.002	0 18484.1 7610.94 	26095.1	0.00210804	7.28452e-05	1050	1050	1050	0 314615 154833 	469448	6.45668	6.5039	12399	666.612	0.162221	0	1.02	1.02
262	0.00200379	0.000104252	1492.99	1050	105	875.188	51.28	51.28	205.12	205.12	0 18482.6 7613.42 	26096	0.00210804	7.28452e-05	1050	1050	1050	0 314614 154833 	469447	6.45675	6.5039	12399	666.612	0.162225	0	1.02	1.02
263	0.00200378	0.000104259	1493.09	1050	105	874.994	51.3095	51.3095	205.238	205.238	0 18481 7615.89 	26096.9	0.00210804	7.28452e-05	1050	1050	1050	0 314613 154833 	469446	6.45682	6.5039	12399	666.612	0.162228	0	1.02	1.02
264	0.00200378	0.000104266	1493.19	1050	105	874.8	51.3389	51.3389	205.356	205.356	0 18479.4 7618.36 	26097.8	0.00210804	7.28452e-05	1050	1050	1050	0 314612 154832 	469444	6.45689	6.5039	12399	666.612	0.162232	0	1.02	1.02
265	0.00200377	0.000104274	1493.29	1050	105	874.607	51.3683	51.3683	205.473	205.473	0 18477.9 7620.83 	26098.7	0.00210804	7.28452e-05	1050	1050	1050	0 314611 154832 	469443	6.45696	6.5039	12399	666.612	0.162236	0	1.02	1.02
266	0.00200376	0.000104281	1493.39	1050	105	874.414	51.3977	51.3977	205.591	205.591	0 18476.3 7623.3 	26099.6	0.00210804	7.28452e-05	1050	1050	1050	0 314610 154831 	469442	6.45703	6.5039	12399	666.612	0.162239	0	1.02	1.02
267	0.00200375	0.000104288	1493.49	1050	105	874.222	51.4271	51.4271	205.708	205.708	0 18474.7 7625.77 	26100.5	0.00210804	7.28452e-05	1050	1050	1050	0 314609 154831 	469440	6.4571	6.5039	12399	666.612	0.162243	0	1.02	1.02
268	0.00200375	0.000104296	1493.6	1050	105	874.031	51.4565	51.4565	205.826	205.826	0 18473.2 7628.24 	26101.4	0.00210804	7.28452e-05	1050	1050	1050	0 314609 154830 	469439	6.45717	6.5039	12399	666.612	0.162246	0	1.02	1.02
269	0.00200374	0.000104303	1493.7	1050	105	873.841	51.4858	51.4858	205.943	205.943	0 18471.6 7630.71 	26102.4	0.00210804	7.28452e-05	1050	1050	1050	0 314608 154830 	469438	6.45725	6.5039	12399	666.612	0.16225	0	1.02	1.02
270	0.00200373	0.00010431	1493.8	1050	105	873.651	51.5151	51.5151	206.06	206.06	0 18470.1 7633.18 	26103.3	0.00210804	7.28453e-05	1050	1050	1050	0 314607 154830 	469436	6.45732	6.5039	12399	666.612	0.162254	0	1.02	1.02
271	0.00200372	0.000104318	1493.91	1050	105	873.462	51.5443	51.5443	206.177	206.177	0 18468.6 7635.65 	26104.2	0.00210804	7.28453e-05	1050	1050	1050	0 314606 154829 	469435	6.45739	6.5039	12399	666.612	0.162257	0	1.02	1.02
272	0.00200372	0.000104325	1494.01	1050	105	873.273	51.5735	51.5735	206.294	206.294	0 18467 7638.12 	26105.2	0.00210804	7.28453e-05	1050	1050	1050	0 314605 154829 	469433	6.45746	6.5039	12399	666.612	0.162261	0	1.02	1.02
273	0.00200371	0.000104333	1494.11	1050	105	873.086	51.6027	51.6027	206.411	206.411	0 18465.5 7640.59 	26106.1	0.00210804	7.28453e-05	1050	1050	1050	0 314604 154828 	469432	6.45754	6.5039	12399	666.612	0.162264	0	1.02	1.02
274	0.0020037	0.00010434	1494.22	1050	105	872.899	51.6319	51.6319	206.528	206.528	0 18464 7643.05 	26107	0.00210804	7.28453e-05	1050	1050	1050	0 314603 154828 	469430	6.45761	6.5039	12399	666.612	0.162268	0	1.02	1.02
275	0.00200369	0.000104348	1494.32	1050	105	872.712	51.661	51.661	206.644	206.644	0 18462.5 7645.52 	26108	0.00210804	7.28453e-05	1050	1050	1050	0 314602 154827 	469429	6.45768	6.5039	12399	666.612	0.162271	0	1.02	1.02
276	0.00200369	0.000104355	1494.43	1050	105	872.526	51.6901	51.6901	206.761	206.761	0 18460.9 7647.98 	26108.9	0.00210804	7.28453e-05	1050	1050	1050	0 314601 154827 	469427	6.45776	6.5039	12399	666.612	0.162275	0	1.02	1.02
277	0.00200368	0.000104363	1494.53	1050	105	872.341	51.7192	51.7192	206.877	206.877	0 18459.4 7650.45 	26109.9	0.00210804	7.28453e-05	1050	1050	1050	0 314599 154826 	469425	6.45783	6.5039	12399	666.612	0.162279	0	1.02	1.02
278	0.00200367	0.00010437	1494.64	1050	105	872.157	51.7483	51.7483	206.993	206.993	0 18457.9 7652.91 	26110.8	0.00210804	7.28453e-05	1050	1050	1050	0 314598 154825 	469424	6.45791	6.5039	12399	666.612	0.162282	0	1.02	1.02
279	0.00200366	0.000104378	1494.75	1050	105	871.973	51.7773	51.7773	207.109	207.109	0 18456.4 7655.37 	26111.8	0.00210804	7.28453e-05	1050	1050	1050	0 314597 154825 	469422	6.45798	6.5039	12399	666.612	0.162286	0	1.02	1.02
280	0.00200365	0.000104386	1494.85	1050	105	871.79	51.8063	51.8063	207.225	207.225	0 18454.9 7657.83 	26112.7	0.00210804	7.28453e-05	1050	1050	1050	0 314596 154824 	469421	6.45806	6.5039	12399	666.612	0.162289	0	1.02	1.02
281	0.00200365	0.000104393	1494.96	1050	105	871.607	51.8352	51.8352	207.341	207.341	0 18453.4 7660.29 	26113.7	0.00210804	7.28453e-05	1050	1050	1050	0 314595 154824 	469419	6.45813	6.5039	12399	666.612	0.162293	0	1.02	1.02
282	0.00200364	0.000104401	1495.07	1050	105	871.425	51.8641	51.8641	207.457	207.457	0 18451.9 7662.75 	26114.7	0.00210804	7.28453e-05	1050	1050	1050	0 314594 154823 	469417	6.45821	6.5039	12399	666.612	0.162296	0	1.02	1.02
283	0.00200363	0.000104409	1495.17	1050	105	871.244	51.893	51.893	207.572	207.572	0 18450.4 7665.21 	26115.6	0.00210804	7.28453e-05	1050	1050	1050	0 314593 154823 	469415	6.45828	6.5039	12399	666.612	0.1623	0	1.02	1.02
284	0.00200362	0.000104417	1495.28	1050	105	871.063	51.9219	51.9219	207.687	207.687	0 18449 7667.67 	26116.6	0.00210804	7.28453e-05	1050	1050	1050	0 314591 154822 	469414	6.45836	6.5039	12399	666.612	0.162303	0	1.02	1.02
285	0.00200362	0.000104424	1495.39	1050	105	870.883	51.9507	51.9507	207.803	207.803	0 18447.5 7670.12 	26117.6	0.00210804	7.28453e-05	1050	1050	1050	0 314590 154822 	469412	6.45844	6.5039	12399	666.612	0.162307	0	1.02	1.02
286	0.00200361	0.000104432	1495.5	1050	105	870.704	51.9795	51.9795	207.918	207.918	0 18446 7672.57 	26118.6	0.00210804	7.28453e-05	1050	1050	1050	0 314589 154821 	469410	6.45851	6.5039	12399	666.612	0.16231	0	1.02	1.02
287	0.0020036	0.00010444	1495.61	1050	105	870.525	52.0082	52.0082	208.033	208.033	0 18444.5 7675.03 	26119.6	0.00210804	7.28453e-05	1050	1050	1050	0 314588 154820 	469408	6.45859	6.5039	12399	666.612	0.162314	0	1.02	1.02
288	0.00200359	0.000104448	1495.72	1050	105	870.347	52.037	52.037	208.148	208.148	0 18443.1 7677.48 	26120.5	0.00210804	7.28453e-05	1050	1050	1050	0 314587 154820 	469406	6.45867	6.5039	12399	666.612	0.162317	0	1.02	1.02
289	0.00200358	0.000104456	1495.83	1050	105	870.17	52.0656	52.0656	208.263	208.263	0 18441.6 7679.93 	26121.5	0.00210804	7.28453e-05	1050	1050	1050	0 314585 154819 	469404	6.45874	6.5039	12399	666.612	0.162321	0	1.02	1.02
290	0.00200358	0.000104463	1495.94	1050	105	869.993	52.0943	52.0943	208.377	208.377	0 18440.1 7682.38 	26122.5	0.00210804	7.28453e-05	1050	1050	1050	0 314584 154819 	469403	6.45882	6.5039	12399	666.612	0.162324	0	1.02	1.02
291	0.00200357	0.000104471	1496.05	1050	105	869.816	52.1229	52.1229	208.492	208.492	0 18438.7 7684.82 	26123.5	0.00210804	7.28453e-05	1050	1050	1050	0 314583 154818 	469401	6.4589	6.5039	12399	666.612	0.162327	0	1.02	1.02
292	0.00200356	0.000104479	1496.16	1050	105	869.641	52.1515	52.1515	208.606	208.606	0 18437.2 7687.27 	26124.5	0.00210804	7.28453e-05	1050	1050	1050	0 314581 154817 	469399	6.45898	6.5039	12399	666.612	0.162331	0	1.02	1.02
293	0.00200355	0.000104487	1496.27	1050	105	869.466	52.1801	52.1801	208.72	208.72	0 18435.8 7689.71 	26125.5	0.00210804	7.28453e-05	1050	1050	1050	0 314580 154817 	469397	6.45906	6.5039	12399	666.612	0.162334	0	1.02	1.02
294	0.00200354	0.000104495	1496.38	1050	105	869.291	52.2086	52.2086	208.834	208.834	0 18434.3 7692.16 	26126.5	0.00210804	7.28454e-05	1050	1050	1050	0 314579 154816 	469395	6.45913	6.5039	12399	666.612	0.162338	0	1.02	1.02
295	0.00200353	0.000104503	1496.49	1050	105	869.117	52.2371	52.2371	208.948	208.948	0 18432.9 7694.6 	26127.5	0.00210804	7.28454e-05	1050	1050	1050	0 314577 154815 	469393	6.45921	6.5039	12399	666.612	0.162341	0	1.02	1.02
296	0.00200353	0.000104511	1496.6	1050	105	868.944	52.2655	52.2655	209.062	209.062	0 18431.5 7697.04 	26128.5	0.00210804	7.28454e-05	1050	1050	1050	0 314576 154815 	469391	6.45929	6.5039	12399	666.612	0.162345	0	1.02	1.02
297	0.00200352	0.000104519	1496.71	1050	105	868.771	52.2939	52.2939	209.176	209.176	0 18430 7699.48 	26129.5	0.00210804	7.28454e-05	1050	1050	1050	0 314575 154814 	469389	6.45937	6.5039	12399	666.612	0.162348	0	1.02	1.02
298	0.00200351	0.000104527	1496.82	1050	105	868.599	52.3223	52.3223	209.289	209.289	0 18428.6 7701.91 	26130.5	0.00210804	7.28454e-05	1050	1050	1050	0 314573 154813 	469387	6.45945	6.5039	12399	666.612	0.162351	0	1.02	1.02
299	0.0020035	0.000104535	1496.93	1050	105	868.428	52.3507	52.3507	209.403	209.403	0 18427.2 7704.35 	26131.5	0.00210804	7.28454e-05	1050	1050	1050	0 314572 154813 	469385	6.45953	6.5039	12399	666.612	0.162355	0	1.02	1.02
300	0.00200349	0.000104543	1497.05	1050	105	868.257	52.379	52.379	209.516	209.516	0 18425.8 7706.78 	26132.5	0.00210804	7.28454e-05	1050	1050	1050	0 314570 154812 	469382	6.45961	6.5039	12399	666.612	0.162358	0	1.02	1.02
301	0.00200349	0.000104551	1497.16	1050	105	868.087	52.4072	52.4072	209.629	209.629	0 18424.3 7709.21 	26133.5	0.00210804	7.28454e-05	1050	1050	1050	0 314569 154811 	469380	6.45969	6.5039	12399	666.612	0.162362	0	1.02	1.02
302	0.00200348	0.000104559	1497.27	1050	105	867.917	52.4355	52.4355	209.742	209.742	0 18422.9 7711.64 	26134.6	0.00210804	7.28454e-05	1050	1050	1050	0 314568 154811 	469378	6.45977	6.5039	12399	666.612	0.162365	0	1.02	1.02
303	0.00200347	0.000104567	1497.38	1050	105	867.748	52.4637	52.4637	209.855	209.855	0 18421.5 7714.07 	26135.6	0.00210804	7.28454e-05	1050	1050	1050	0 314566 154810 	469376	6.45985	6.5039	12399	666.612	0.162368	0	1.02	1.02
304	0.00200346	0.000104575	1497.5	1050	105	867.579	52.4918	52.4918	209.967	209.967	0 18420.1 7716.49 	26136.6	0.00210804	7.28454e-05	1050	1050	1050	0 314565 154809 	469374	6.45993	6.5039	12399	666.612	0.162372	0	1.02	1.02
305	0.00200345	0.000104584	1497.61	1050	105	867.411	52.52	52.52	210.08	210.08	0 18418.7 7718.92 	26137.6	0.00210804	7.28454e-05	1050	1050	1050	0 314563 154808 	469372	6.46001	6.5039	12399	666.612	0.162375	0	1.02	1.02
306	0.00200344	0.000104592	1497.72	1050	105	867.244	52.5481	52.5481	210.192	210.192	0 18417.3 7721.34 	26138.7	0.00210804	7.28454e-05	1050	1050	1050	0 314562 154808 	469369	6.46009	6.5039	12399	666.612	0.162378	0	1.02	1.02
307	0.00200344	0.0001046	1497.84	1050	105	867.077	52.5761	52.5761	210.304	210.304	0 18415.9 7723.76 	26139.7	0.00210804	7.28454e-05	1050	1050	1050	0 314560 154807 	469367	6.46017	6.5039	12399	666.612	0.162382	0	1.02	1.02
308	0.00200343	0.000104608	1497.95	1050	105	866.91	52.6041	52.6041	210.417	210.417	0 18414.5 7726.17 	26140.7	0.00210804	7.28454e-05	1050	1050	1050	0 314559 154806 	469365	6.46025	6.5039	12399	666.612	0.162385	0	1.02	1.02
309	0.00200342	0.000104616	1498.07	1050	105	866.745	52.6321	52.6321	210.528	210.528	0 18413.1 7728.59 	26141.7	0.00210804	7.28454e-05	1050	1050	1050	0 314557 154806 	469363	6.46033	6.5039	12399	666.612	0.162388	0	1.02	1.02
310	0.00200341	0.000104624	1498.18	1050	105	866.579	52.6601	52.6601	210.64	210.64	0 18411.8 7731 	26142.8	0.00210804	7.28454e-05	1050	1050	1050	0 314556 154805 	469360	6.46041	6.5039	12399	666.612	0.162392	0	1.02	1.02
311	0.0020034	0.000104633	1498.29	1050	105	866.415	52.688	52.688	210.752	210.752	0 18410.4 7733.41 	26143.8	0.00210804	7.28454e-05	1050	1050	1050	0 314554 154804 	469358	6.46049	6.5039	12399	666.612	0.162395	0	1.02	1.02
312	0.00200339	0.000104641	1498.41	1050	105	866.251	52.7158	52.7158	210.863	210.863	0 18409 7735.82 	26144.8	0.00210804	7.28454e-05	1050	1050	1050	0 314553 154803 	469356	6.46057	6.5039	12399	666.612	0.162398	0	1.02	1.02
313	0.00200339	0.000104649	1498.52	1050	105	866.087	52.7437	52.7437	210.975	210.975	0 18407.6 7738.23 	26145.9	0.00210804	7.28455e-05	1050	1050	1050	0 314551 154803 	469354	6.46065	6.5039	12399	666.612	0.162402	0	1.02	1.02
314	0.00200338	0.000104657	1498.64	1050	105	865.924	52.7715	52.7715	211.086	211.086	0 18406.3 7740.63 	26146.9	0.00210803	7.28455e-05	1050	1050	1050	0 314549 154802 	469351	6.46073	6.5039	12399	666.612	0.162405	0	1.02	1.02
315	0.00200337	0.000104665	1498.75	1050	105	865.761	52.7992	52.7992	211.197	211.197	0 18404.9 7743.04 	26148	0.00210803	7.28455e-05	1050	1050	1050	0 314548 154801 	469349	6.46082	6.5039	12399	666.612	0.162408	0	1.02	1.02
316	0.00200336	0.000104674	1498.87	1050	105	865.6	52.8269	52.8269	211.308	211.308	0 18403.6 7745.44 	26149	0.00210803	7.28455e-05	1050	1050	1050	0 314546 154800 	469346	6.4609	6.5039	12399	666.612	0.162412	0	1.02	1.02
317	0.00200335	0.000104682	1498.98	1050	105	865.438	52.8546	52.8546	211.418	211.418	0 18402.2 7747.83 	26150	0.00210803	7.28455e-05	1050	1050	1050	0 314545 154799 	469344	6.46098	6.5039	12399	666.612	0.162415	0	1.02	1.02
318	0.00200334	0.00010469	1499.1	1050	105	865.277	52.8822	52.8822	211.529	211.529	0 18400.9 7750.23 	26151.1	0.00210803	7.28455e-05	1050	1050	1050	0 314543 154799 	469342	6.46106	6.5039	12399	666.612	0.162418	0	1.02	1.02
319	0.00200334	0.000104699	1499.22	1050	105	865.117	52.9098	52.9098	211.639	211.639	0 18399.5 7752.62 	26152.1	0.00210803	7.28455e-05	1050	1050	1050	0 314541 154798 	469339	6.46114	6.5039	12399	666.612	0.162421	0	1.02	1.02
320	0.00200333	0.000104707	1499.33	1050	105	864.957	52.9374	52.9374	211.75	211.75	0 18398.2 7755.01 	26153.2	0.00210803	7.28455e-05	1050	1050	1050	0 314540 154797 	469337	6.46122	6.5039	12399	666.612	0.162425	0	1.02	1.02
321	0.00200332	0.000104715	1499.45	1050	105	864.798	52.9649	52.9649	211.86	211.86	0 18396.8 7757.4 	26154.2	0.00210803	7.28455e-05	1050	1050	1050	0 314538 154796 	469334	6.46131	6.5039	12399	666.612	0.162428	0	1.02	1.02
322	0.00200331	0.000104724	1499.56	1050	105	864.639	52.9924	52.9924	211.97	211.97	0 18395.5 7759.79 	26155.3	0.00210803	7.28455e-05	1050	1050	1050	0 314536 154795 	469332	6.46139	6.5039	12399	666.612	0.162431	0	1.02	1.02
323	0.0020033	0.000104732	1499.68	1050	105	864.481	53.0199	53.0199	212.079	212.079	0 18394.2 7762.17 	26156.3	0.00210803	7.28455e-05	1050	1050	1050	0 314535 154795 	469329	6.46147	6.5039	12399	666.612	0.162434	0	1.02	1.02
324	0.00200329	0.00010474	1499.8	1050	105	864.323	53.0473	53.0473	212.189	212.189	0 18392.8 7764.55 	26157.4	0.00210803	7.28455e-05	1050	1050	1050	0 314533 154794 	469327	6.46155	6.5039	12399	666.612	0.162438	0	1.02	1.02
325	0.00200328	0.000104749	1499.91	1050	105	864.166	53.0746	53.0746	212.298	212.298	0 18391.5 7766.93 	26158.4	0.00210803	7.28455e-05	1050	1050	1050	0 314531 154793 	469324	6.46164	6.5039	12399	666.612	0.162441	0	1.02	1.02
326	0.00200328	0.000104757	1500.03	1050	105	864.01	53.1019	53.1019	212.408	212.408	0 18390.2 7769.31 	26159.5	0.00210803	7.28455e-05	1050	1050	1050	0 314530 154792 	469322	6.46172	6.5039	12399	666.612	0.162444	0	1.02	1.02
327	0.00200327	0.000104765	1500.15	1050	105	863.854	53.1292	53.1292	212.517	212.517	0 18388.9 7771.68 	26160.5	0.00210803	7.28455e-05	1050	1050	1050	0 314528 154791 	469319	6.4618	6.5039	12399	666.612	0.162447	0	1.02	1.02
328	0.00200326	0.000104774	1500.26	1050	105	863.698	53.1565	53.1565	212.626	212.626	0 18387.6 7774.05 	26161.6	0.00210803	7.28455e-05	1050	1050	1050	0 314526 154791 	469317	6.46189	6.5039	12399	666.612	0.162451	0	1.02	1.02
329	0.00200325	0.000104782	1500.38	1050	105	863.543	53.1837	53.1837	212.735	212.735	0 18386.2 7776.42 	26162.7	0.00210803	7.28456e-05	1050	1050	1050	0 314525 154790 	469314	6.46197	6.5039	12399	666.612	0.162454	0	1.02	1.02
330	0.00200324	0.000104791	1500.5	1050	105	863.388	53.2108	53.2108	212.843	212.843	0 18384.9 7778.79 	26163.7	0.00210803	7.28456e-05	1050	1050	1050	0 314523 154789 	469312	6.46205	6.5039	12399	666.612	0.162457	0	1.02	1.02
331	0.00200323	0.000104799	1500.61	1050	105	863.234	53.238	53.238	212.952	212.952	0 18383.6 7781.15 	26164.8	0.00210803	7.28456e-05	1050	1050	1050	0 314521 154788 	469309	6.46213	6.5039	12399	666.612	0.16246	0	1.02	1.02
332	0.00200322	0.000104807	1500.73	1050	105	863.081	53.2651	53.2651	213.06	213.06	0 18382.3 7783.51 	26165.8	0.00210803	7.28456e-05	1050	1050	1050	0 314519 154787 	469307	6.46222	6.5039	12399	666.612	0.162463	0	1.02	1.02
333	0.00200322	0.000104816	1500.85	1050	105	862.928	53.2921	53.2921	213.168	213.168	0 18381 7785.87 	26166.9	0.00210803	7.28456e-05	1050	1050	1050	0 314518 154786 	469304	6.4623	6.5039	12399	666.612	0.162467	0	1.02	1.02
334	0.00200321	0.000104824	1500.97	1050	105	862.775	53.3191	53.3191	213.276	213.276	0 18379.8 7788.22 	26168	0.00210803	7.28456e-05	1050	1050	1050	0 314516 154786 	469301	6.46238	6.5039	12399	666.612	0.16247	0	1.02	1.02
335	0.0020032	0.000104833	1501.08	1050	105	862.623	53.3461	53.3461	213.384	213.384	0 18378.5 7790.58 	26169	0.00210803	7.28456e-05	1050	1050	1050	0 314514 154785 	469299	6.46247	6.5039	12399	666.612	0.162473	0	1.02	1.02
336	0.00200319	0.000104841	1501.2	1050	105	862.471	53.373	53.373	213.492	213.492	0 18377.2 7792.93 	26170.1	0.00210803	7.28456e-05	1050	1050	1050	0 314512 154784 	469296	6.46255	6.5039	12399	666.612	0.162476	0	1.02	1.02
337	0.00200318	0.00010485	1501.32	1050	105	862.32	53.3999	53.3999	213.599	213.599	0 18375.9 7795.27 	26171.2	0.00210803	7.28456e-05	1050	1050	1050	0 314510 154783 	469293	6.46264	6.5039	12399	666.612	0.162479	0	1.02	1.02
338	0.00200317	0.000104858	1501.44	1050	105	862.17	53.4267	53.4267	213.707	213.707	0 18374.6 7797.62 	26172.2	0.00210803	7.28456e-05	1050	1050	1050	0 314509 154782 	469291	6.46272	6.5039	12399	666.612	0.162482	0	1.02	1.02
339	0.00200316	0.000104866	1501.55	1050	105	862.02	53.4535	53.4535	213.814	213.814	0 18373.3 7799.96 	26173.3	0.00210803	7.28456e-05	1050	1050	1050	0 314507 154781 	469288	6.4628	6.5039	12399	666.612	0.162486	0	1.02	1.02
340	0.00200316	0.000104875	1501.67	1050	105	861.87	53.4803	53.4803	213.921	213.921	0 18372.1 7802.3 	26174.4	0.00210803	7.28456e-05	1050	1050	1050	0 314505 154780 	469285	6.46289	6.5039	12399	666.612	0.162489	0	1.02	1.02
341	0.00200315	0.000104883	1501.79	1050	105	861.721	53.507	53.507	214.028	214.028	0 18370.8 7804.63 	26175.4	0.00210803	7.28456e-05	1050	1050	1050	0 314503 154779 	469283	6.46297	6.5039	12399	666.612	0.162492	0	1.02	1.02
342	0.00200314	0.000104892	1501.91	1050	105	861.572	53.5336	53.5336	214.135	214.135	0 18369.6 7806.96 	26176.5	0.00210803	7.28456e-05	1050	1050	1050	0 314501 154779 	469280	6.46305	6.5039	12399	666.612	0.162495	0	1.02	1.02
343	0.00200313	0.0001049	1502.03	1050	105	861.424	53.5603	53.5603	214.241	214.241	0 18368.3 7809.29 	26177.6	0.00210803	7.28456e-05	1050	1050	1050	0 314500 154778 	469277	6.46314	6.5039	12399	666.612	0.162498	0	1.02	1.02
344	0.00200312	0.000104909	1502.15	1050	105	861.277	53.5869	53.5869	214.347	214.347	0 18367 7811.62 	26178.7	0.00210803	7.28456e-05	1050	1050	1050	0 314498 154777 	469275	6.46322	6.5039	12399	666.612	0.162501	0	1.02	1.02
345	0.00200311	0.000104917	1502.26	1050	105	861.129	53.6134	53.6134	214.454	214.454	0 18365.8 7813.94 	26179.7	0.00210803	7.28457e-05	1050	1050	1050	0 314496 154776 	469272	6.46331	6.5039	12399	666.612	0.162504	0	1.02	1.02
346	0.0020031	0.000104926	1502.38	1050	105	860.983	53.6399	53.6399	214.56	214.56	0 18364.5 7816.27 	26180.8	0.00210803	7.28457e-05	1050	1050	1050	0 314494 154775 	469269	6.46339	6.5039	12399	666.612	0.162507	0	1.02	1.02
347	0.00200309	0.000104934	1502.5	1050	105	860.836	53.6664	53.6664	214.665	214.665	0 18363.3 7818.58 	26181.9	0.00210803	7.28457e-05	1050	1050	1050	0 314492 154774 	469266	6.46348	6.5039	12399	666.612	0.16251	0	1.02	1.02
348	0.00200309	0.000104943	1502.62	1050	105	860.691	53.6928	53.6928	214.771	214.771	0 18362 7820.9 	26182.9	0.00210803	7.28457e-05	1050	1050	1050	0 314490 154773 	469263	6.46356	6.5039	12399	666.612	0.162514	0	1.02	1.02
349	0.00200308	0.000104951	1502.74	1050	105	860.545	53.7192	53.7192	214.877	214.877	0 18360.8 7823.21 	26184	0.00210803	7.28457e-05	1050	1050	1050	0 314488 154772 	469261	6.46364	6.5039	12399	666.612	0.162517	0	1.02	1.02
350	0.00200307	0.00010496	1502.86	1050	105	860.401	53.7455	53.7455	214.982	214.982	0 18359.6 7825.52 	26185.1	0.00210803	7.28457e-05	1050	1050	1050	0 314487 154771 	469258	6.46373	6.5039	12399	666.612	0.16252	0	1.02	1.02
351	0.00200306	0.000104968	1502.97	1050	105	860.256	53.7718	53.7718	215.087	215.087	0 18358.3 7827.82 	26186.2	0.00210803	7.28457e-05	1050	1050	1050	0 314485 154770 	469255	6.46381	6.5039	12399	666.612	0.162523	0	1.02	1.02
352	0.00200305	0.000104977	1503.09	1050	105	860.112	53.798	53.798	215.192	215.192	0 18357.1 7830.13 	26187.2	0.00210803	7.28457e-05	1050	1050	1050	0 314483 154770 	469252	6.4639	6.5039	12399	666.612	0.162526	0	1.02	1.02
353	0.00200304	0.000104985	1503.21	1050	105	859.969	53.8242	53.8242	215.297	215.297	0 18355.9 7832.43 	26188.3	0.00210803	7.28457e-05	1050	1050	1050	0 314481 154769 	469250	6.46398	6.5039	12399	666.612	0.162529	0	1.02	1.02
354	0.00200303	0.000104994	1503.33	1050	105	859.826	53.8504	53.8504	215.402	215.402	0 18354.7 7834.72 	26189.4	0.00210803	7.28457e-05	1050	1050	1050	0 314479 154768 	469247	6.46407	6.5039	12399	666.612	0.162532	0	1.02	1.02
355	0.00200302	0.000105002	1503.45	1050	105	859.683	53.8765	53.8765	215.506	215.506	0 18353.5 7837.02 	26190.5	0.00210803	7.28457e-05	1050	1050	1050	0 314477 154767 	469244	6.46415	6.5039	12399	666.612	0.162535	0	1.02	1.02
356	0.00200302	0.000105011	1503.57	1050	105	859.541	53.9026	53.9026	215.61	215.61	0 18352.2 7839.31 	26191.6	0.00210803	7.28457e-05	1050	1050	1050	0 314475 154766 	469241	6.46423	6.5039	12399	666.612	0.162538	0	1.02	1.02
357	0.00200301	0.000105019	1503.69	1050	105	859.4	53.9286	53.9286	215.715	215.715	0 18351 7841.59 	26192.6	0.00210803	7.28457e-05	1050	1050	1050	0 314473 154765 	469238	6.46432	6.5039	12399	666.612	0.162541	0	1.02	1.02
358	0.002003	0.000105028	1503.8	1050	105	859.259	53.9546	53.9546	215.818	215.818	0 18349.8 7843.88 	26193.7	0.00210803	7.28457e-05	1050	1050	1050	0 314471 154764 	469235	6.4644	6.5039	12399	666.612	0.162544	0	1.02	1.02
359	0.00200299	0.000105036	1503.92	1050	105	859.118	53.9806	53.9806	215.922	215.922	0 18348.6 7846.16 	26194.8	0.00210803	7.28458e-05	1050	1050	1050	0 314469 154763 	469232	6.46449	6.5039	12399	666.612	0.162547	0	1.02	1.02
360	0.00200298	0.000105045	1504.04	1050	105	858.978	54.0065	54.0065	216.026	216.026	0 18347.4 7848.43 	26195.9	0.00210803	7.28458e-05	1050	1050	1050	0 314467 154762 	469230	6.46457	6.5039	12399	666.612	0.16255	0	1.02	1.02
361	0.00200297	0.000105054	1504.16	1050	105	858.838	54.0323	54.0323	216.129	216.129	0 18346.2 7850.71 	26196.9	0.00210803	7.28458e-05	1050	1050	1050	0 314466 154761 	469227	6.46466	6.5039	12399	666.612	0.162553	0	1.02	1.02
362	0.00200296	0.000105062	1504.28	1050	105	858.699	54.0581	54.0581	216.233	216.233	0 18345 7852.98 	26198	0.00210803	7.28458e-05	1050	1050	1050	0 314464 154760 	469224	6.46474	6.5039	12399	666.612	0.162556	0	1.02	1.02
363	0.00200295	0.000105071	1504.4	1050	105	858.56	54.0839	54.0839	216.336	216.336	0 18343.8 7855.25 	26199.1	0.00210803	7.28458e-05	1050	1050	1050	0 314462 154759 	469221	6.46483	6.5039	12399	666.612	0.162559	0	1.02	1.02
364	0.00200295	0.000105079	1504.52	1050	105	858.421	54.1096	54.1096	216.439	216.439	0 18342.7 7857.51 	26200.2	0.00210803	7.28458e-05	1050	1050	1050	0 314460 154758 	469218	6.46491	6.5039	12399	666.612	0.162562	0	1.02	1.02
365	0.00200294	0.000105088	1504.64	1050	105	858.283	54.1353	54.1353	216.541	216.541	0 18341.5 7859.77 	26201.3	0.00210802	7.28458e-05	1050	1050	1050	0 314458 154757 	469215	6.465	6.5039	12399	666.612	0.162565	0	1.02	1.02
366	0.00200293	0.000105096	1504.76	1050	105	858.146	54.161	54.161	216.644	216.644	0 18340.3 7862.03 	26202.3	0.00210802	7.28458e-05	1050	1050	1050	0 314456 154756 	469212	6.46508	6.5039	12399	666.612	0.162568	0	1.02	1.02
367	0.00200292	0.000105105	1504.87	1050	105	858.008	54.1866	54.1866	216.746	216.746	0 18339.1 7864.28 	26203.4	0.00210802	7.28458e-05	1050	1050	1050	0 314454 154755 	469209	6.46517	6.5039	12399	666.612	0.162571	0	1.02	1.02
368	0.00200291	0.000105113	1504.99	1050	105	857.872	54.2121	54.2121	216.848	216.848	0 18338 7866.53 	26204.5	0.00210802	7.28458e-05	1050	1050	1050	0 314452 154755 	469206	6.46525	6.5039	12399	666.612	0.162574	0	1.02	1.02
369	0.0020029	0.000105122	1505.11	1050	105	857.736	54.2376	54.2376	216.95	216.95	0 18336.8 7868.78 	26205.6	0.00210802	7.28458e-05	1050	1050	1050	0 314450 154754 	469203	6.46533	6.5039	12399	666.612	0.162577	0	1.02	1.02
370	0.00200289	0.00010513	1505.23	1050	105	857.6	54.2631	54.2631	217.052	217.052	0 18335.6 7871.03 	26206.6	0.00210802	7.28458e-05	1050	1050	1050	0 314448 154753 	469200	6.46542	6.5039	12399	666.612	0.16258	0	1.02	1.02
371	0.00200288	0.000105139	1505.35	1050	105	857.464	54.2885	54.2885	217.154	217.154	0 18334.5 7873.27 	26207.7	0.00210802	7.28458e-05	1050	1050	1050	0 314446 154752 	469198	6.4655	6.5039	12399	666.612	0.162583	0	1.02	1.02
372	0.00200288	0.000105147	1505.47	1050	105	857.329	54.3139	54.3139	217.256	217.256	0 18333.3 7875.5 	26208.8	0.00210802	7.28458e-05	1050	1050	1050	0 314444 154751 	469195	6.46559	6.5039	12399	666.612	0.162586	0	1.02	1.02
373	0.00200287	0.000105156	1505.59	1050	105	857.195	54.3392	54.3392	217.357	217.357	0 18332.1 7877.74 	26209.9	0.00210802	7.28459e-05	1050	1050	1050	0 314442 154750 	469192	6.46567	6.5039	12399	666.612	0.162589	0	1.02	1.02
374	0.00200286	0.000105164	1505.71	1050	105	857.061	54.3645	54.3645	217.458	217.458	0 18331 7879.97 	26211	0.00210802	7.28459e-05	1050	1050	1050	0 314440 154749 	469189	6.46576	6.5039	12399	666.612	0.162592	0	1.02	1.02
375	0.00200285	0.000105173	1505.82	1050	105	856.927	54.3897	54.3897	217.559	217.559	0 18329.8 7882.2 	26212	0.00210802	7.28459e-05	1050	1050	1050	0 314438 154748 	469186	6.46584	6.5039	12399	666.612	0.162594	0	1.02	1.02
376	0.00200284	0.000105181	1505.94	1050	105	856.794	54.4149	54.4149	217.66	217.66	0 18328.7 7884.42 	26213.1	0.00210802	7.28459e-05	1050	1050	1050	0 314436 154747 	469183	6.46593	6.5039	12399	666.612	0.162597	0	1.02	1.02
377	0.00200283	0.00010519	1506.06	1050	105	856.661	54.4401	54.4401	217.76	217.76	0 18327.5 7886.64 	26214.2	0.00210802	7.28459e-05	1050	1050	1050	0 314434 154746 	469180	6.46601	6.5039	12399	666.612	0.1626	0	1.02	1.02
378	0.00200282	0.000105198	1506.18	1050	105	856.528	54.4652	54.4652	217.861	217.861	0 18326.4 7888.86 	26215.3	0.00210802	7.28459e-05	1050	1050	1050	0 314432 154745 	469177	6.4661	6.5039	12399	666.612	0.162603	0	1.02	1.02
379	0.00200281	0.000105207	1506.3	1050	105	856.396	54.4902	54.4902	217.961	217.961	0 18325.3 7891.07 	26216.3	0.00210802	7.28459e-05	1050	1050	1050	0 314430 154744 	469174	6.46618	6.5039	12399	666.612	0.162606	0	1.02	1.02
380	0.00200281	0.000105215	1506.42	1050	105	856.265	54.5153	54.5153	218.061	218.061	0 18324.1 7893.28 	26217.4	0.00210802	7.28459e-05	1050	1050	1050	0 314428 154743 	469171	6.46627	6.5039	12399	666.612	0.162609	0	1.02	1.02
381	0.0020028	0.000105224	1506.54	1050	105	856.134	54.5402	54.5402	218.161	218.161	0 18323 7895.48 	26218.5	0.00210802	7.28459e-05	1050	1050	1050	0 314426 154742 	469168	6.46635	6.5039	12399	666.612	0.162612	0	1.02	1.02
382	0.00200279	0.000105232	1506.65	1050	105	856.003	54.5652	54.5652	218.261	218.261	0 18321.9 7897.69 	26219.6	0.00210802	7.28459e-05	1050	1050	1050	0 314424 154741 	469165	6.46643	6.5039	12399	666.612	0.162615	0	1.02	1.02
383	0.00200278	0.000105241	1506.77	1050	105	855.872	54.59	54.59	218.36	218.36	0 18320.8 7899.89 	26220.6	0.00210802	7.28459e-05	1050	1050	1050	0 314422 154740 	469162	6.46652	6.5039	12399	666.612	0.162618	0	1.02	1.02
384	0.00200277	0.000105249	1506.89	1050	105	855.742	54.6149	54.6149	218.459	218.459	0 18319.6 7902.08 	26221.7	0.00210802	7.28459e-05	1050	1050	1050	0 314420 154739 	469159	6.4666	6.5039	12399	666.612	0.16262	0	1.02	1.02
385	0.00200276	0.000105258	1507.01	1050	105	855.613	54.6397	54.6397	218.559	218.559	0 18318.5 7904.27 	26222.8	0.00210802	7.28459e-05	1050	1050	1050	0 314418 154738 	469156	6.46669	6.5039	12399	666.612	0.162623	0	1.02	1.02
386	0.00200275	0.000105266	1507.13	1050	105	855.484	54.6644	54.6644	218.658	218.658	0 18317.4 7906.46 	26223.9	0.00210802	7.28459e-05	1050	1050	1050	0 314416 154737 	469153	6.46677	6.5039	12399	666.612	0.162626	0	1.02	1.02
