0.1	0.00199378	7.42246e-05	1050.03	1050	105	504.028	44.1	44.1	176.4	176.4	0 17997.2 9555.97 	27553.1	6.55449	6.55445	670	670	0.00905084	0	1.02	1.02
0.2	0.00199378	7.42263e-05	1050.05	1050	105	504.052	44.1	44.1	176.4	176.4	0 17996.7 9555.62 	27552.3	6.55452	6.55445	670	670	0.00905072	0	1.02	1.02
0.3	0.00199377	7.42278e-05	1050.07	1050	105	504.072	44.1	44.1	176.4	176.4	0 17996.3 9555.33 	27551.7	6.55455	6.55445	670	670	0.00905062	0	1.02	1.02
0.4	0.00199377	7.42291e-05	1050.09	1050	105	504.089	44.1	44.1	176.4	176.4	0 17996 9555.08 	27551.1	6.55457	6.55445	670	670	0.00905053	0	1.02	1.02
0.5	0.00199377	7.42302e-05	1050.1	1050	105	504.104	44.1	44.1	176.4	176.4	0 17995.7 9554.87 	27550.6	6.55459	6.55445	670	670	0.00905045	0	1.02	1.02
0.6	0.00199377	7.42311e-05	1050.12	1050	105	504.116	44.1	44.1	176.4	176.4	0 17995.5 9554.69 	27550.2	6.55461	6.55445	670	670	0.00905038	0	1.02	1.02
0.7	0.00199377	7.42318e-05	1050.13	1050	105	504.126	44.1	44.1	176.4	176.4	0 17995.3 9554.54 	27549.8	6.55463	6.55445	670	670	0.00905032	0	1.02	1.02
0.8	0.00199376	7.42324e-05	1050.13	1050	105	504.134	44.1	44.1	176.4	176.4	0 17995.1 9554.41 	27549.5	6.55464	6.55445	670	670	0.00905027	0	1.02	1.02
0.9	0.00199376	7.4233e-05	1050.14	1050	105	504.141	44.0999	44.0999	176.4	176.4	0 17995 9554.3 	27549.3	6.55465	6.55445	670	670	0.00905023	0	1.02	1.02
1	0.00199376	7.42334e-05	1050.15	1050	105	504.147	44.0999	44.0999	176.4	176.4	0 17994.9 9554.21 	27549.1	6.55466	6.55445	670	670	0.00905019	0	1.02	1.02
1.1	0.00199376	7.42338e-05	1050.15	1050	105	504.152	44.0999	44.0999	176.4	176.4	0 17994.8 9554.13 	27548.9	6.55467	6.55445	670	670	0.00905016	0	1.02	1.02
1.2	0.00199376	7.42341e-05	1050.16	1050	105	504.156	44.0999	44.0999	176.4	176.4	0 17994.7 9554.06 	27548.8	6.55467	6.55445	670	670	0.00905013	0	1.02	1.02
1.3	0.00199376	7.42343e-05	1050.16	1050	105	504.16	44.0999	44.0999	176.4	176.4	0 17994.6 9554.01 	27548.6	6.55468	6.55445	670	670	0.00905011	0	1.02	1.02
1.4	0.00199376	7.42345e-05	1050.16	1050	105	504.163	44.0999	44.0999	176.4	176.4	0 17994.6 9553.96 	27548.5	6.55469	6.55445	670	670	0.00905009	0	1.02	1.02
1.5	0.00199376	7.42347e-05	1050.16	1050	105	504.165	44.0999	44.0999	176.399	176.399	0 17994.5 9553.92 	27548.5	6.55469	6.55445	670	670	0.00905007	0	1.02	1.02
1.6	0.00199376	7.42348e-05	1050.17	1050	105	504.167	44.0999	44.0999	176.399	176.399	0 17994.5 9553.89 	27548.4	6.55469	6.55445	670	670	0.00905006	0	1.02	1.02
1.7	0.00199376	7.42349e-05	1050.17	1050	105	504.168	44.0998	44.0998	176.399	176.399	0 17994.5 9553.86 	27548.3	6.5547	6.55445	670	670	0.00905004	0	1.02	1.02
1.8	0.00199376	7.4235e-05	1050.17	1050	105	504.17	44.0998	44.0998	176.399	176.399	0 17994.4 9553.84 	27548.3	6.5547	6.55445	670	670	0.00905003	0	1.02	1.02
1.9	0.00199376	7.42351e-05	1050.17	1050	105	504.171	44.0998	44.0998	176.399	176.399	0 17994.4 9553.82 	27548.2	6.5547	6.55445	670	670	0.00905002	0	1.02	1.02
2	0.00199376	7.42351e-05	1050.17	1050	105	504.171	44.0998	44.0998	176.399	176.399	0 17994.4 9553.8 	27548.2	6.5547	6.55445	670	670	0.00905001	0	1.02	1.02
2.1	0.00316175	0.000221805	5056.37	1050	105	4509.03	44.2341	44.2341	176.936	176.936	0 177641 46436.8 	224078	1.64356	6.55445	12462	670	0.211794	0	1.02	1.02
2.2	0.00278763	0.000590346	12677.1	1050	105	12127.3	44.4816	44.4816	177.926	177.926	0 58845.8 11364.6 	70210.4	2.39809	6.55445	12462	670	0.129953	0	1.02	1.02
2.3	0.00237833	0.000951802	18923.6	1050	105	18371.9	44.6684	44.6684	178.673	178.673	0 31139.7 4136.76 	35276.4	3.86146	6.55445	12462	670	0.0706117	0	1.02	1.02
2.4	0.00213218	0.00117447	22247.6	1050	105	21694.9	44.7745	44.7745	179.098	179.098	0 22624.1 2254.94 	24879	5.35918	6.55445	12462	670	0.0452513	0	1.02	1.02
2.5	0.00205457	0.00124605	23240.6	1050	105	22687.4	44.8226	44.8226	179.29	179.29	0 20548.1 1819.58 	22367.7	5.98975	6.55445	12462	670	0.0381445	0	1.02	1.02
2.6	0.00204039	0.00125721	23373.4	1050	105	22819.9	44.85	44.85	179.4	179.4	0 20225.2 1745.09 	21970.3	6.11547	6.55445	12462	670	0.0367919	0	1.02	1.02
2.7	0.00203464	0.00125656	23308.1	1050	105	22754.3	44.8725	44.8725	179.49	179.49	0 20178.7 1716.01 	21894.7	6.16749	6.55445	12462	670	0.0360777	0	1.02	1.02
2.8	0.00203146	0.00125153	23165.3	1050	105	22611.3	44.8929	44.8929	179.571	179.571	0 20228.1 1700.89 	21929	6.19648	6.55445	12462	670	0.0355408	0	1.02	1.02
2.9	0.00202944	0.00124456	22988.5	1050	105	22434.4	44.9119	44.9119	179.648	179.648	0 20321.1 1692.06 	22013.1	6.21503	6.55445	12462	670	0.0350864	0	1.02	1.02
3	0.00202802	0.00123675	22798.4	1050	105	22244.1	44.9301	44.9301	179.72	179.72	0 20435.1 1686.51 	22121.6	6.22808	6.55445	12462	670	0.0346823	0	1.02	1.02
3.1	0.00202695	0.00122868	22605.8	1050	105	22051.3	44.9476	44.9476	179.791	179.791	0 20558.6 1682.82 	22241.4	6.23795	6.55445	12462	670	0.034314	0	1.02	1.02
3.2	0.00202609	0.00122063	22416.3	1050	105	21861.7	44.9647	44.9647	179.859	179.859	0 20685.3 1680.24 	22365.5	6.24588	6.55445	12462	670	0.0339741	0	1.02	1.02
3.3	0.00202537	0.0012128	22233.2	1050	105	21678.4	44.9814	44.9814	179.926	179.926	0 20811.5 1678.31 	22489.8	6.25257	6.55445	12462	670	0.0336579	0	1.02	1.02
3.4	0.00202474	0.00120525	22057.9	1050	105	21502.9	44.9977	44.9977	179.991	179.991	0 20935.3 1676.79 	22612.1	6.25842	6.55445	12462	670	0.0333623	0	1.02	1.02
3.5	0.00202417	0.00119804	21891.1	1050	105	21336	45.0138	45.0138	180.055	180.055	0 21055.4 1675.52 	22730.9	6.26367	6.55445	12462	670	0.033085	0	1.02	1.02
3.6	0.00202365	0.00119118	21733.1	1050	105	21177.8	45.0296	45.0296	180.118	180.118	0 21171.2 1674.4 	22845.6	6.26849	6.55445	12462	670	0.0328242	0	1.02	1.02
3.7	0.00202317	0.00118468	21583.7	1050	105	21028.3	45.0451	45.0451	180.18	180.18	0 21282.3 1673.37 	22955.6	6.27295	6.55445	12462	670	0.0325785	0	1.02	1.02
3.8	0.00202272	0.00117853	21442.7	1050	105	20887.1	45.0604	45.0604	180.242	180.242	0 21388.6 1672.38 	23061	6.27714	6.55445	12462	670	0.0323466	0	1.02	1.02
3.9	0.0020223	0.00117272	21309.8	1050	105	20754	45.0755	45.0755	180.302	180.302	0 21490.1 1671.42 	23161.5	6.28108	6.55445	12462	670	0.0321275	0	1.02	1.02
4	0.0020219	0.00116723	21184.4	1050	105	20628.5	45.0904	45.0904	180.361	180.361	0 21586.9 1670.46 	23257.4	6.2848	6.55445	12462	670	0.0319202	0	1.02	1.02
4.1	0.00202152	0.00116205	21066.3	1050	105	20510.3	45.1051	45.1051	180.42	180.42	0 21679.1 1669.49 	23348.6	6.28833	6.55445	12462	670	0.0317239	0	1.02	1.02
4.2	0.00202116	0.00115716	20955.1	1050	105	20398.9	45.1196	45.1196	180.478	180.478	0 21766.9 1668.51 	23435.4	6.29167	6.55445	12462	670	0.0315378	0	1.02	1.02
4.3	0.00202082	0.00115254	20850.2	1050	105	20293.9	45.1339	45.1339	180.536	180.536	0 21850.4 1667.51 	23517.9	6.29485	6.55445	12462	670	0.0313612	0	1.02	1.02
4.4	0.0020205	0.00114818	20751.4	1050	105	20194.9	45.1481	45.1481	180.592	180.592	0 21929.8 1666.49 	23596.3	6.29786	6.55445	12462	670	0.0311935	0	1.02	1.02
4.5	0.00202019	0.00114407	20658.3	1050	105	20101.7	45.1621	45.1621	180.648	180.648	0 22005.3 1665.45 	23670.7	6.30073	6.55445	12462	670	0.0310341	0	1.02	1.02
4.6	0.0020199	0.00114019	20570.5	1050	105	20013.8	45.1759	45.1759	180.704	180.704	0 22077 1664.38 	23741.3	6.30345	6.55445	12462	670	0.0308825	0	1.02	1.02
4.7	0.00201963	0.00113653	20487.8	1050	105	19930.9	45.1896	45.1896	180.759	180.759	0 22145.1 1663.29 	23808.3	6.30603	6.55445	12462	670	0.0307381	0	1.02	1.02
4.8	0.00201937	0.00113308	20409.8	1050	105	19852.8	45.2032	45.2032	180.813	180.813	0 22209.7 1662.17 	23871.9	6.30848	6.55445	12462	670	0.0306004	0	1.02	1.02
4.9	0.00201912	0.00112982	20336.3	1050	105	19779.1	45.2167	45.2167	180.867	180.867	0 22271.1 1661.02 	23932.1	6.3108	6.55445	12462	670	0.0304692	0	1.02	1.02
5	0.00201888	0.00112674	20266.9	1050	105	19709.6	45.23	45.23	180.92	180.92	0 22329.4 1659.86 	23989.2	6.31301	6.55445	12462	670	0.0303439	0	1.02	1.02
5.1	0.00201866	0.00112383	20201.5	1050	105	19644.1	45.2432	45.2432	180.973	180.973	0 22384.7 1658.66 	24043.3	6.3151	6.55445	12462	670	0.0302242	0	1.02	1.02
5.2	0.00201845	0.00112108	20139.8	1050	105	19582.2	45.2564	45.2564	181.025	181.025	0 22437.1 1657.45 	24094.6	6.31707	6.55445	12462	670	0.0301098	0	1.02	1.02
5.3	0.00201825	0.00111849	20081.6	1050	105	19523.9	45.2694	45.2694	181.078	181.078	0 22486.9 1656.21 	24143.1	6.31895	6.55445	12462	670	0.0300003	0	1.02	1.02
5.4	0.00201806	0.00111604	20026.6	1050	105	19468.8	45.2823	45.2823	181.129	181.129	0 22534.1 1654.95 	24189.1	6.32072	6.55445	12462	670	0.0298955	0	1.02	1.02
5.5	0.00201788	0.00111373	19974.8	1050	105	19416.9	45.2951	45.2951	181.181	181.181	0 22578.9 1653.67 	24232.6	6.3224	6.55445	12462	670	0.029795	0	1.02	1.02
5.6	0.00201772	0.00111155	19925.9	1050	105	19367.8	45.3079	45.3079	181.231	181.231	0 22621.4 1652.37 	24273.7	6.32398	6.55445	12462	670	0.0296987	0	1.02	1.02
5.7	0.00201756	0.00110949	19879.7	1050	105	19321.5	45.3205	45.3205	181.282	181.282	0 22661.6 1651.05 	24312.7	6.32548	6.55445	12462	670	0.0296062	0	1.02	1.02
5.8	0.00201741	0.00110754	19836.1	1050	105	19277.8	45.3331	45.3331	181.332	181.332	0 22699.8 1649.71 	24349.5	6.32689	6.55445	12462	670	0.0295173	0	1.02	1.02
5.9	0.00201726	0.0011057	19795	1050	105	19236.5	45.3456	45.3456	181.383	181.383	0 22736 1648.35 	24384.3	6.32823	6.55445	12462	670	0.0294319	0	1.02	1.02
6	0.00201713	0.00110396	19756.2	1050	105	19197.6	45.3581	45.3581	181.432	181.432	0 22770.3 1646.98 	24417.3	6.32949	6.55445	12462	670	0.0293497	0	1.02	1.02
6.1	0.002017	0.00110232	19719.5	1050	105	19160.8	45.3705	45.3705	181.482	181.482	0 22802.8 1645.59 	24448.4	6.33068	6.55445	12462	670	0.0292706	0	1.02	1.02
6.2	0.00201689	0.00110077	19684.9	1050	105	19126.1	45.3828	45.3828	181.531	181.531	0 22833.6 1644.19 	24477.8	6.33179	6.55445	12462	670	0.0291943	0	1.02	1.02
6.3	0.00201677	0.0010993	19652.2	1050	105	19093.3	45.395	45.395	181.58	181.58	0 22862.7 1642.77 	24505.5	6.33285	6.55445	12462	670	0.0291207	0	1.02	1.02
6.4	0.00201667	0.00109792	19621.4	1050	105	19062.3	45.4073	45.4073	181.629	181.629	0 22890.4 1641.34 	24531.7	6.33384	6.55445	12462	670	0.0290497	0	1.02	1.02
6.5	0.00201657	0.00109661	19592.3	1050	105	19033.1	45.4194	45.4194	181.678	181.678	0 22916.5 1639.9 	24556.4	6.33477	6.55445	12462	670	0.0289811	0	1.02	1.02
6.6	0.00201648	0.00109537	19564.8	1050	105	19005.4	45.4315	45.4315	181.726	181.726	0 22941.3 1638.44 	24579.8	6.33564	6.55445	12462	670	0.0289148	0	1.02	1.02
6.7	0.00201639	0.00109421	19538.8	1050	105	18979.4	45.4436	45.4436	181.774	181.774	0 22964.8 1636.98 	24601.8	6.33647	6.55445	12462	670	0.0288506	0	1.02	1.02
6.8	0.00201631	0.0010931	19514.3	1050	105	18954.7	45.4556	45.4556	181.823	181.823	0 22987 1635.5 	24622.5	6.33724	6.55445	12462	670	0.0287884	0	1.02	1.02
6.9	0.00201623	0.00109206	19491.2	1050	105	18931.5	45.4676	45.4676	181.871	181.871	0 23008.1 1634.02 	24642.1	6.33796	6.55445	12462	670	0.0287282	0	1.02	1.02
7	0.00201616	0.00109108	19469.3	1050	105	18909.6	45.4796	45.4796	181.918	181.918	0 23028 1632.52 	24660.5	6.33863	6.55445	12462	670	0.0286698	0	1.02	1.02
7.1	0.00201609	0.00109015	19448.7	1050	105	18888.8	45.4915	45.4915	181.966	181.966	0 23046.8 1631.02 	24677.9	6.33926	6.55445	12462	670	0.028613	0	1.02	1.02
7.2	0.00201603	0.00108927	19429.3	1050	105	18869.3	45.5034	45.5034	182.014	182.014	0 23064.7 1629.51 	24694.2	6.33985	6.55445	12462	670	0.0285579	0	1.02	1.02
7.3	0.00201597	0.00108845	19410.9	1050	105	18850.8	45.5153	45.5153	182.061	182.061	0 23081.6 1627.99 	24709.5	6.3404	6.55445	12462	670	0.0285044	0	1.02	1.02
7.4	0.00201592	0.00108766	19393.6	1050	105	18833.4	45.5271	45.5271	182.108	182.108	0 23097.5 1626.46 	24724	6.34092	6.55445	12462	670	0.0284522	0	1.02	1.02
7.5	0.00201587	0.00108693	19377.3	1050	105	18816.9	45.5389	45.5389	182.156	182.156	0 23112.6 1624.93 	24737.6	6.34139	6.55445	12462	670	0.0284015	0	1.02	1.02
7.6	0.00201582	0.00108623	19361.9	1050	105	18801.4	45.5507	45.5507	182.203	182.203	0 23126.9 1623.39 	24750.3	6.34183	6.55445	12462	670	0.028352	0	1.02	1.02
7.7	0.00201578	0.00108557	19347.4	1050	105	18786.7	45.5625	45.5625	182.25	182.25	0 23140.4 1621.85 	24762.3	6.34225	6.55445	12462	670	0.0283038	0	1.02	1.02
7.8	0.00201574	0.00108495	19333.7	1050	105	18772.9	45.5743	45.5743	182.297	182.297	0 23153.2 1620.3 	24773.5	6.34263	6.55445	12462	670	0.0282568	0	1.02	1.02
7.9	0.0020157	0.00108437	19320.7	1050	105	18759.9	45.586	45.586	182.344	182.344	0 23165.3 1618.75 	24784	6.34298	6.55445	12462	670	0.0282108	0	1.02	1.02
8	0.00201567	0.00108382	19308.6	1050	105	18747.6	45.5977	45.5977	182.391	182.391	0 23176.7 1617.19 	24793.8	6.3433	6.55445	12462	670	0.0281659	0	1.02	1.02
8.1	0.00201563	0.00108329	19297.1	1050	105	18736	45.6094	45.6094	182.438	182.438	0 23187.4 1615.63 	24803.1	6.3436	6.55445	12462	670	0.028122	0	1.02	1.02
8.2	0.0020156	0.0010828	19286.3	1050	105	18725.1	45.6211	45.6211	182.484	182.484	0 23197.6 1614.06 	24811.7	6.34387	6.55445	12462	670	0.028079	0	1.02	1.02
8.3	0.00201558	0.00108234	19276.1	1050	105	18714.8	45.6328	45.6328	182.531	182.531	0 23207.2 1612.49 	24819.7	6.34412	6.55445	12462	670	0.0280369	0	1.02	1.02
8.4	0.00201555	0.00108191	19266.5	1050	105	18705	45.6445	45.6445	182.578	182.578	0 23216.3 1610.92 	24827.2	6.34434	6.55445	12462	670	0.0279956	0	1.02	1.02
8.5	0.00201553	0.00108149	19257.5	1050	105	18695.9	45.6561	45.6561	182.625	182.625	0 23224.9 1609.34 	24834.2	6.34455	6.55445	12462	670	0.0279551	0	1.02	1.02
8.6	0.00201551	0.00108111	19249	1050	105	18687.3	45.6678	45.6678	182.671	182.671	0 23233 1607.76 	24840.7	6.34473	6.55445	12462	670	0.0279153	0	1.02	1.02
8.7	0.0020155	0.00108074	19241	1050	105	18679.2	45.6794	45.6794	182.718	182.718	0 23240.6 1606.18 	24846.8	6.3449	6.55445	12462	670	0.0278763	0	1.02	1.02
8.8	0.00201548	0.0010804	19233.5	1050	105	18671.6	45.6911	45.6911	182.764	182.764	0 23247.8 1604.6 	24852.4	6.34505	6.55445	12462	670	0.027838	0	1.02	1.02
8.9	0.00201547	0.00108008	19226.4	1050	105	18664.4	45.7027	45.7027	182.811	182.811	0 23254.6 1603.01 	24857.6	6.34518	6.55445	12462	670	0.0278002	0	1.02	1.02
9	0.00201545	0.00107977	19219.8	1050	105	18657.6	45.7144	45.7144	182.857	182.857	0 23261 1601.43 	24862.4	6.34529	6.55445	12462	670	0.0277631	0	1.02	1.02
9.1	0.00201544	0.00107949	19213.5	1050	105	18651.3	45.726	45.726	182.904	182.904	0 23267 1599.84 	24866.8	6.34539	6.55445	12462	670	0.0277266	0	1.02	1.02
9.2	0.00201543	0.00107922	19207.7	1050	105	18645.3	45.7376	45.7376	182.951	182.951	0 23272.7 1598.25 	24870.9	6.34548	6.55445	12462	670	0.0276906	0	1.02	1.02
9.3	0.00201543	0.00107897	19202.2	1050	105	18639.7	45.7493	45.7493	182.997	182.997	0 23278 1596.65 	24874.7	6.34555	6.55445	12462	670	0.0276551	0	1.02	1.02
9.4	0.00201542	0.00107873	19197.1	1050	105	18634.5	45.7609	45.7609	183.044	183.044	0 23283.1 1595.06 	24878.1	6.3456	6.55445	12462	670	0.0276201	0	1.02	1.02
9.5	0.00201542	0.00107851	19192.3	1050	105	18629.5	45.7725	45.7725	183.09	183.09	0 23287.8 1593.47 	24881.3	6.34565	6.55445	12462	670	0.0275856	0	1.02	1.02
9.6	0.00201541	0.0010783	19187.7	1050	105	18624.9	45.7841	45.7841	183.137	183.137	0 23292.2 1591.87 	24884.1	6.34568	6.55445	12462	670	0.0275515	0	1.02	1.02
9.7	0.00201541	0.00107811	19183.5	1050	105	18620.6	45.7958	45.7958	183.183	183.183	0 23296.4 1590.28 	24886.7	6.3457	6.55445	12462	670	0.0275179	0	1.02	1.02
9.8	0.00201541	0.00107793	19179.6	1050	105	18616.5	45.8074	45.8074	183.23	183.23	0 23300.3 1588.68 	24889	6.34572	6.55445	12462	670	0.0274846	0	1.02	1.02
9.9	0.00201541	0.00107775	19175.9	1050	105	18612.7	45.819	45.819	183.276	183.276	0 23304 1587.09 	24891.1	6.34572	6.55445	12462	670	0.0274517	0	1.02	1.02
10	0.00201541	0.0010776	19172.5	1050	105	18609.2	45.8307	45.8307	183.323	183.323	0 23307.5 1585.49 	24893	6.34571	6.55445	12462	670	0.0274192	0	1.02	1.02
10.1	0.00201541	0.00107745	19169.3	1050	105	18605.9	45.8423	45.8423	183.369	183.369	0 23310.7 1583.89 	24894.6	6.34569	6.55445	12462	670	0.027387	0	1.02	1.02
10.2	0.00201541	0.00107731	19166.3	1050	105	18602.8	45.854	45.854	183.416	183.416	0 23313.8 1582.3 	24896.1	6.34566	6.55445	12462	670	0.0273552	0	1.02	1.02
10.3	0.00201542	0.00107718	19163.6	1050	105	18599.9	45.8656	45.8656	183.463	183.463	0 23316.6 1580.7 	24897.3	6.34563	6.55445	12462	670	0.0273237	0	1.02	1.02
10.4	0.00201542	0.00107706	19161	1050	105	18597.2	45.8773	45.8773	183.509	183.509	0 23319.3 1579.1 	24898.4	6.34559	6.55445	12462	670	0.0272924	0	1.02	1.02
10.5	0.00201543	0.00107695	19158.6	1050	105	18594.7	45.889	45.889	183.556	183.556	0 23321.7 1577.51 	24899.3	6.34554	6.55445	12462	670	0.0272615	0	1.02	1.02
10.6	0.00201543	0.00107684	19156.4	1050	105	18592.4	45.9006	45.9006	183.602	183.602	0 23324.1 1575.91 	24900	6.34548	6.55445	12462	670	0.0272308	0	1.02	1.02
10.7	0.00201544	0.00107675	19154.4	1050	105	18590.3	45.9123	45.9123	183.649	183.649	0 23326.2 1574.32 	24900.5	6.34542	6.55445	12462	670	0.0272003	0	1.02	1.02
10.8	0.00201545	0.00107666	19152.6	1050	105	18588.3	45.924	45.924	183.696	183.696	0 23328.2 1572.72 	24901	6.34535	6.55445	12462	670	0.0271701	0	1.02	1.02
10.9	0.00201546	0.00107658	19150.8	1050	105	18586.5	45.9357	45.9357	183.743	183.743	0 23330.1 1571.13 	24901.2	6.34528	6.55445	12462	670	0.0271402	0	1.02	1.02
11	0.00201546	0.0010765	19149.3	1050	105	18584.8	45.9474	45.9474	183.789	183.789	0 23331.8 1569.53 	24901.4	6.3452	6.55445	12462	670	0.0271104	0	1.02	1.02
11.1	0.00201547	0.00107643	19147.9	1050	105	18583.3	45.9591	45.9591	183.836	183.836	0 23333.4 1567.94 	24901.4	6.34511	6.55445	12462	670	0.0270809	0	1.02	1.02
11.2	0.00201548	0.00107637	19146.6	1050	105	18581.9	45.9708	45.9708	183.883	183.883	0 23334.9 1566.35 	24901.3	6.34502	6.55445	12462	670	0.0270516	0	1.02	1.02
11.3	0.00201549	0.00107631	19145.4	1050	105	18580.6	45.9825	45.9825	183.93	183.93	0 23336.3 1564.76 	24901.1	6.34493	6.55445	12462	670	0.0270224	0	1.02	1.02
11.4	0.0020155	0.00107626	19144.3	1050	105	18579.4	45.9942	45.9942	183.977	183.977	0 23337.6 1563.17 	24900.7	6.34483	6.55445	12462	670	0.0269935	0	1.02	1.02
11.5	0.00201551	0.00107621	19143.4	1050	105	18578.3	46.006	46.006	184.024	184.024	0 23338.7 1561.58 	24900.3	6.34473	6.55445	12462	670	0.0269647	0	1.02	1.02
11.6	0.00201553	0.00107616	19142.5	1050	105	18577.4	46.0177	46.0177	184.071	184.071	0 23339.8 1559.99 	24899.8	6.34462	6.55445	12462	670	0.0269361	0	1.02	1.02
11.7	0.00201554	0.00107613	19141.8	1050	105	18576.5	46.0295	46.0295	184.118	184.118	0 23340.8 1558.4 	24899.2	6.34451	6.55445	12462	670	0.0269076	0	1.02	1.02
11.8	0.00201555	0.00107609	19141.1	1050	105	18575.7	46.0412	46.0412	184.165	184.165	0 23341.7 1556.81 	24898.5	6.34439	6.55445	12462	670	0.0268793	0	1.02	1.02
11.9	0.00201556	0.00107606	19140.6	1050	105	18575	46.053	46.053	184.212	184.212	0 23342.5 1555.23 	24897.7	6.34427	6.55445	12462	670	0.0268511	0	1.02	1.02
12	0.00201557	0.00107603	19140.1	1050	105	18574.4	46.0648	46.0648	184.259	184.259	0 23343.2 1553.64 	24896.9	6.34415	6.55445	12462	670	0.0268231	0	1.02	1.02
12.1	0.00201559	0.00107601	19139.7	1050	105	18573.9	46.0766	46.0766	184.306	184.306	0 23343.9 1552.06 	24895.9	6.34403	6.55445	12462	670	0.0267952	0	1.02	1.02
12.2	0.0020156	0.00107599	19139.4	1050	105	18573.5	46.0884	46.0884	184.354	184.354	0 23344.5 1550.48 	24894.9	6.3439	6.55445	12462	670	0.0267674	0	1.02	1.02
12.3	0.00201561	0.00107597	19139.1	1050	105	18573.1	46.1002	46.1002	184.401	184.401	0 23345 1548.9 	24893.9	6.34377	6.55445	12462	670	0.0267398	0	1.02	1.02
12.4	0.00201563	0.00107596	19138.9	1050	105	18572.8	46.112	46.112	184.448	184.448	0 23345.4 1547.32 	24892.7	6.34364	6.55445	12462	670	0.0267123	0	1.02	1.02
12.5	0.00201564	0.00107595	19138.8	1050	105	18572.6	46.1238	46.1238	184.495	184.495	0 23345.8 1545.74 	24891.6	6.3435	6.55445	12462	670	0.0266849	0	1.02	1.02
12.6	0.00201566	0.00107594	19138.7	1050	105	18572.4	46.1357	46.1357	184.543	184.543	0 23346.2 1544.16 	24890.3	6.34337	6.55445	12462	670	0.0266575	0	1.02	1.02
12.7	0.00201567	0.00107594	19138.7	1050	105	18572.3	46.1476	46.1476	184.59	184.59	0 23346.4 1542.59 	24889	6.34323	6.55445	12462	670	0.0266303	0	1.02	1.02
12.8	0.00201569	0.00107593	19138.8	1050	105	18572.2	46.1594	46.1594	184.638	184.638	0 23346.7 1541.01 	24887.7	6.34309	6.55445	12462	670	0.0266032	0	1.02	1.02
12.9	0.0020157	0.00107593	19138.9	1050	105	18572.2	46.1713	46.1713	184.685	184.685	0 23346.9 1539.44 	24886.3	6.34294	6.55445	12462	670	0.0265762	0	1.02	1.02
13	0.00201572	0.00107594	19139.1	1050	105	18572.2	46.1832	46.1832	184.733	184.733	0 23347 1537.87 	24884.9	6.3428	6.55445	12462	670	0.0265493	0	1.02	1.02
13.1	0.00201573	0.00107594	19139.3	1050	105	18572.3	46.1951	46.1951	184.78	184.78	0 23347.1 1536.3 	24883.4	6.34265	6.55445	12462	670	0.0265225	0	1.02	1.02
13.2	0.00201575	0.00107595	19139.5	1050	105	18572.4	46.207	46.207	184.828	184.828	0 23347.2 1534.73 	24881.9	6.3425	6.55445	12462	670	0.0264958	0	1.02	1.02
13.3	0.00201577	0.00107595	19139.8	1050	105	18572.6	46.2189	46.2189	184.876	184.876	0 23347.2 1533.16 	24880.3	6.34235	6.55445	12462	670	0.0264691	0	1.02	1.02
13.4	0.00201578	0.00107596	19140.1	1050	105	18572.8	46.2309	46.2309	184.923	184.923	0 23347.1 1531.6 	24878.7	6.3422	6.55445	12462	670	0.0264425	0	1.02	1.02
13.5	0.0020158	0.00107597	19140.5	1050	105	18573	46.2428	46.2428	184.971	184.971	0 23347.1 1530.03 	24877.1	6.34205	6.55445	12462	670	0.026416	0	1.02	1.02
13.6	0.00201581	0.00107599	19140.9	1050	105	18573.3	46.2548	46.2548	185.019	185.019	0 23347 1528.47 	24875.5	6.3419	6.55445	12462	670	0.0263896	0	1.02	1.02
13.7	0.00201583	0.001076	19141.3	1050	105	18573.6	46.2667	46.2667	185.067	185.067	0 23346.9 1526.91 	24873.8	6.34174	6.55445	12462	670	0.0263632	0	1.02	1.02
13.8	0.00201585	0.00107602	19141.8	1050	105	18574	46.2787	46.2787	185.115	185.115	0 23346.7 1525.35 	24872.1	6.34158	6.55445	12462	670	0.0263369	0	1.02	1.02
13.9	0.00201586	0.00107603	19142.3	1050	105	18574.4	46.2907	46.2907	185.163	185.163	0 23346.5 1523.79 	24870.3	6.34143	6.55445	12462	670	0.0263107	0	1.02	1.02
14	0.00201588	0.00107605	19142.8	1050	105	18574.8	46.3027	46.3027	185.211	185.211	0 23346.3 1522.24 	24868.6	6.34127	6.55445	12462	670	0.0262845	0	1.02	1.02
14.1	0.0020159	0.00107607	19143.3	1050	105	18575.2	46.3147	46.3147	185.259	185.259	0 23346.1 1520.68 	24866.8	6.34111	6.55445	12462	670	0.0262584	0	1.02	1.02
14.2	0.00201591	0.00107609	19143.9	1050	105	18575.7	46.3268	46.3268	185.307	185.307	0 23345.9 1519.13 	24865	6.34095	6.55445	12462	670	0.0262324	0	1.02	1.02
14.3	0.00201593	0.00107612	19144.5	1050	105	18576.1	46.3388	46.3388	185.355	185.355	0 23345.6 1517.57 	24863.1	6.34079	6.55445	12462	670	0.0262064	0	1.02	1.02
14.4	0.00201595	0.00107614	19145.1	1050	105	18576.6	46.3509	46.3509	185.403	185.403	0 23345.3 1516.02 	24861.3	6.34063	6.55445	12462	670	0.0261805	0	1.02	1.02
14.5	0.00201597	0.00107616	19145.8	1050	105	18577.2	46.3629	46.3629	185.452	185.452	0 23345 1514.48 	24859.4	6.34046	6.55445	12462	670	0.0261546	0	1.02	1.02
14.6	0.00201598	0.00107619	19146.5	1050	105	18577.7	46.375	46.375	185.5	185.5	0 23344.6 1512.93 	24857.5	6.3403	6.55445	12462	670	0.0261288	0	1.02	1.02
14.7	0.002016	0.00107621	19147.1	1050	105	18578.3	46.3871	46.3871	185.548	185.548	0 23344.3 1511.38 	24855.6	6.34014	6.55445	12462	670	0.0261031	0	1.02	1.02
14.8	0.00201602	0.00107624	19147.8	1050	105	18578.9	46.3992	46.3992	185.597	185.597	0 23343.9 1509.84 	24853.7	6.33997	6.55445	12462	670	0.0260774	0	1.02	1.02
14.9	0.00201604	0.00107627	19148.6	1050	105	18579.5	46.4113	46.4113	185.645	185.645	0 23343.5 1508.3 	24851.8	6.33981	6.55445	12462	670	0.0260517	0	1.02	1.02
15	0.00201605	0.0010763	19149.3	1050	105	18580.1	46.4234	46.4234	185.694	185.694	0 23343.1 1506.75 	24849.8	6.33964	6.55445	12462	670	0.0260261	0	1.02	1.02
15.1	0.00201607	0.00107632	19150.1	1050	105	18580.7	46.4356	46.4356	185.742	185.742	0 23342.6 1505.22 	24847.9	6.33947	6.55445	12462	670	0.0260005	0	1.02	1.02
15.2	0.00201609	0.00107635	19150.8	1050	105	18581.4	46.4477	46.4477	185.791	185.791	0 23342.2 1503.68 	24845.9	6.33931	6.55445	12462	670	0.025975	0	1.02	1.02
15.3	0.00201611	0.00107638	19151.6	1050	105	18582	46.4599	46.4599	185.84	185.84	0 23341.8 1502.14 	24843.9	6.33914	6.55445	12462	670	0.0259495	0	1.02	1.02
15.4	0.00201612	0.00107642	19152.4	1050	105	18582.7	46.4721	46.4721	185.888	185.888	0 23341.3 1500.61 	24841.9	6.33897	6.55445	12462	670	0.0259241	0	1.02	1.02
15.5	0.00201614	0.00107645	19153.2	1050	105	18583.4	46.4843	46.4843	185.937	185.937	0 23340.8 1499.07 	24839.9	6.33881	6.55445	12462	670	0.0258987	0	1.02	1.02
15.6	0.00201616	0.00107648	19154.1	1050	105	18584.1	46.4965	46.4965	185.986	185.986	0 23340.3 1497.54 	24837.9	6.33864	6.55445	12462	670	0.0258734	0	1.02	1.02
15.7	0.00201618	0.00107651	19154.9	1050	105	18584.8	46.5087	46.5087	186.035	186.035	0 23339.8 1496.01 	24835.8	6.33847	6.55445	12462	670	0.0258481	0	1.02	1.02
15.8	0.00201619	0.00107654	19155.7	1050	105	18585.5	46.5209	46.5209	186.084	186.084	0 23339.3 1494.49 	24833.8	6.3383	6.55445	12462	670	0.0258228	0	1.02	1.02
15.9	0.00201621	0.00107658	19156.6	1050	105	18586.3	46.5332	46.5332	186.133	186.133	0 23338.8 1492.96 	24831.8	6.33813	6.55445	12462	670	0.0257976	0	1.02	1.02
16	0.00201623	0.00107661	19157.5	1050	105	18587	46.5454	46.5454	186.182	186.182	0 23338.3 1491.43 	24829.7	6.33796	6.55445	12462	670	0.0257724	0	1.02	1.02
16.1	0.00201625	0.00107665	19158.3	1050	105	18587.8	46.5577	46.5577	186.231	186.231	0 23337.7 1489.91 	24827.7	6.33779	6.55445	12462	670	0.0257473	0	1.02	1.02
16.2	0.00201627	0.00107668	19159.2	1050	105	18588.5	46.57	46.57	186.28	186.28	0 23337.2 1488.39 	24825.6	6.33762	6.55445	12462	670	0.0257222	0	1.02	1.02
16.3	0.00201628	0.00107672	19160.1	1050	105	18589.3	46.5823	46.5823	186.329	186.329	0 23336.6 1486.87 	24823.5	6.33745	6.55445	12462	670	0.0256971	0	1.02	1.02
16.4	0.0020163	0.00107675	19161	1050	105	18590.1	46.5946	46.5946	186.378	186.378	0 23336.1 1485.35 	24821.4	6.33728	6.55445	12462	670	0.0256721	0	1.02	1.02
16.5	0.00201632	0.00107679	19161.9	1050	105	18590.8	46.6069	46.6069	186.428	186.428	0 23335.5 1483.84 	24819.4	6.33711	6.55445	12462	670	0.0256471	0	1.02	1.02
16.6	0.00201634	0.00107682	19162.8	1050	105	18591.6	46.6192	46.6192	186.477	186.477	0 23334.9 1482.32 	24817.3	6.33694	6.55445	12462	670	0.0256221	0	1.02	1.02
16.7	0.00201636	0.00107686	19163.7	1050	105	18592.4	46.6316	46.6316	186.526	186.526	0 23334.4 1480.81 	24815.2	6.33677	6.55445	12462	670	0.0255972	0	1.02	1.02
16.8	0.00201638	0.0010769	19164.7	1050	105	18593.2	46.6439	46.6439	186.576	186.576	0 23333.8 1479.3 	24813.1	6.3366	6.55445	12462	670	0.0255723	0	1.02	1.02
16.9	0.00201639	0.00107693	19165.6	1050	105	18594	46.6563	46.6563	186.625	186.625	0 23333.2 1477.79 	24811	6.33643	6.55445	12462	670	0.0255474	0	1.02	1.02
17	0.00201641	0.00107697	19166.5	1050	105	18594.9	46.6687	46.6687	186.675	186.675	0 23332.6 1476.28 	24808.9	6.33626	6.55445	12462	670	0.0255226	0	1.02	1.02
17.1	0.00201643	0.00107701	19167.5	1050	105	18595.7	46.6811	46.6811	186.724	186.724	0 23332 1474.77 	24806.8	6.33609	6.55445	12462	670	0.0254978	0	1.02	1.02
17.2	0.00201645	0.00107705	19168.4	1050	105	18596.5	46.6935	46.6935	186.774	186.774	0 23331.4 1473.27 	24804.6	6.33592	6.55445	12462	670	0.0254731	0	1.02	1.02
17.3	0.00201647	0.00107708	19169.4	1050	105	18597.3	46.7059	46.7059	186.824	186.824	0 23330.8 1471.76 	24802.5	6.33574	6.55445	12462	670	0.0254483	0	1.02	1.02
17.4	0.00201648	0.00107712	19170.4	1050	105	18598.2	46.7184	46.7184	186.873	186.873	0 23330.2 1470.26 	24800.4	6.33557	6.55445	12462	670	0.0254237	0	1.02	1.02
17.5	0.0020165	0.00107716	19171.3	1050	105	18599	46.7308	46.7308	186.923	186.923	0 23329.5 1468.76 	24798.3	6.3354	6.55445	12462	670	0.025399	0	1.02	1.02
17.6	0.00201652	0.0010772	19172.3	1050	105	18599.8	46.7433	46.7433	186.973	186.973	0 23328.9 1467.26 	24796.2	6.33523	6.55445	12462	670	0.0253744	0	1.02	1.02
17.7	0.00201654	0.00107724	19173.3	1050	105	18600.7	46.7558	46.7558	187.023	187.023	0 23328.3 1465.77 	24794	6.33506	6.55445	12462	670	0.0253498	0	1.02	1.02
17.8	0.00201656	0.00107728	19174.2	1050	105	18601.5	46.7682	46.7682	187.073	187.073	0 23327.6 1464.27 	24791.9	6.33489	6.55445	12462	670	0.0253252	0	1.02	1.02
17.9	0.00201657	0.00107732	19175.2	1050	105	18602.4	46.7807	46.7807	187.123	187.123	0 23327 1462.78 	24789.8	6.33472	6.55445	12462	670	0.0253006	0	1.02	1.02
18	0.00201659	0.00107735	19176.2	1050	105	18603.3	46.7933	46.7933	187.173	187.173	0 23326.4 1461.29 	24787.7	6.33455	6.55445	12462	670	0.0252761	0	1.02	1.02
18.1	0.00201661	0.00107739	19177.2	1050	105	18604.1	46.8058	46.8058	187.223	187.223	0 23325.7 1459.8 	24785.5	6.33437	6.55445	12462	670	0.0252517	0	1.02	1.02
18.2	0.00201663	0.00107743	19178.2	1050	105	18605	46.8183	46.8183	187.273	187.273	0 23325.1 1458.31 	24783.4	6.3342	6.55445	12462	670	0.0252272	0	1.02	1.02
18.3	0.00201665	0.00107747	19179.1	1050	105	18605.8	46.8309	46.8309	187.324	187.324	0 23324.4 1456.82 	24781.3	6.33403	6.55445	12462	670	0.0252028	0	1.02	1.02
18.4	0.00201667	0.00107751	19180.1	1050	105	18606.7	46.8435	46.8435	187.374	187.374	0 23323.8 1455.33 	24779.1	6.33386	6.55445	12462	670	0.0251784	0	1.02	1.02
18.5	0.00201668	0.00107755	19181.1	1050	105	18607.6	46.856	46.856	187.424	187.424	0 23323.1 1453.85 	24777	6.33369	6.55445	12462	670	0.025154	0	1.02	1.02
18.6	0.0020167	0.00107759	19182.1	1050	105	18608.4	46.8686	46.8686	187.475	187.475	0 23322.5 1452.37 	24774.9	6.33352	6.55445	12462	670	0.0251297	0	1.02	1.02
18.7	0.00201672	0.00107763	19183.1	1050	105	18609.3	46.8812	46.8812	187.525	187.525	0 23321.8 1450.89 	24772.7	6.33335	6.55445	12462	670	0.0251054	0	1.02	1.02
18.8	0.00201674	0.00107767	19184.1	1050	105	18610.2	46.8939	46.8939	187.575	187.575	0 23321.2 1449.41 	24770.6	6.33317	6.55445	12462	670	0.0250811	0	1.02	1.02
18.9	0.00201676	0.00107771	19185.1	1050	105	18611.1	46.9065	46.9065	187.626	187.626	0 23320.5 1447.93 	24768.4	6.333	6.55445	12462	670	0.0250569	0	1.02	1.02
19	0.00201677	0.00107775	19186.1	1050	105	18612	46.9191	46.9191	187.677	187.677	0 23319.8 1446.46 	24766.3	6.33283	6.55445	12462	670	0.0250326	0	1.02	1.02
19.1	0.00201679	0.00107779	19187.2	1050	105	18612.8	46.9318	46.9318	187.727	187.727	0 23319.2 1444.98 	24764.2	6.33266	6.55445	12462	670	0.0250085	0	1.02	1.02
19.2	0.00201681	0.00107783	19188.2	1050	105	18613.7	46.9445	46.9445	187.778	187.778	0 23318.5 1443.51 	24762	6.33249	6.55445	12462	670	0.0249843	0	1.02	1.02
19.3	0.00201683	0.00107787	19189.2	1050	105	18614.6	46.9572	46.9572	187.829	187.829	0 23317.9 1442.04 	24759.9	6.33232	6.55445	12462	670	0.0249601	0	1.02	1.02
19.4	0.00201685	0.00107792	19190.2	1050	105	18615.5	46.9699	46.9699	187.879	187.879	0 23317.2 1440.57 	24757.8	6.33215	6.55445	12462	670	0.024936	0	1.02	1.02
19.5	0.00201687	0.00107796	19191.2	1050	105	18616.4	46.9826	46.9826	187.93	187.93	0 23316.5 1439.11 	24755.6	6.33198	6.55445	12462	670	0.024912	0	1.02	1.02
19.6	0.00201688	0.001078	19192.2	1050	105	18617.3	46.9953	46.9953	187.981	187.981	0 23315.8 1437.64 	24753.5	6.33181	6.55445	12462	670	0.0248879	0	1.02	1.02
19.7	0.0020169	0.00107804	19193.2	1050	105	18618.1	47.008	47.008	188.032	188.032	0 23315.2 1436.18 	24751.3	6.33164	6.55445	12462	670	0.0248639	0	1.02	1.02
19.8	0.00201692	0.00107808	19194.2	1050	105	18619	47.0208	47.0208	188.083	188.083	0 23314.5 1434.71 	24749.2	6.33146	6.55445	12462	670	0.0248399	0	1.02	1.02
19.9	0.00201694	0.00107812	19195.3	1050	105	18619.9	47.0336	47.0336	188.134	188.134	0 23313.8 1433.25 	24747.1	6.33129	6.55445	12462	670	0.0248159	0	1.02	1.02
20	0.00201696	0.00107816	19196.3	1050	105	18620.8	47.0463	47.0463	188.185	188.185	0 23313.1 1431.79 	24744.9	6.33112	6.55445	12462	670	0.024792	0	1.02	1.02
20.1	0.00201697	0.0010782	19197.3	1050	105	18621.7	47.0591	47.0591	188.236	188.236	0 23312.5 1430.34 	24742.8	6.33095	6.55445	12462	670	0.024768	0	1.02	1.02
20.2	0.00201699	0.00107824	19198.3	1050	105	18622.6	47.0719	47.0719	188.288	188.288	0 23311.8 1428.88 	24740.7	6.33078	6.55445	12462	670	0.0247441	0	1.02	1.02
20.3	0.00201701	0.00107828	19199.3	1050	105	18623.5	47.0847	47.0847	188.339	188.339	0 23311.1 1427.43 	24738.5	6.33061	6.55445	12462	670	0.0247203	0	1.02	1.02
20.4	0.00201703	0.00107833	19200.4	1050	105	18624.4	47.0976	47.0976	188.39	188.39	0 23310.4 1425.97 	24736.4	6.33044	6.55445	12462	670	0.0246964	0	1.02	1.02
20.5	0.00201705	0.00107837	19201.4	1050	105	18625.3	47.1104	47.1104	188.442	188.442	0 23309.7 1424.52 	24734.3	6.33027	6.55445	12462	670	0.0246726	0	1.02	1.02
20.6	0.00201706	0.00107841	19202.4	1050	105	18626.2	47.1233	47.1233	188.493	188.493	0 23309.1 1423.07 	24732.1	6.3301	6.55445	12462	670	0.0246488	0	1.02	1.02
20.7	0.00201708	0.00107845	19203.4	1050	105	18627.1	47.1362	47.1362	188.545	188.545	0 23308.4 1421.62 	24730	6.32993	6.55445	12462	670	0.0246251	0	1.02	1.02
20.8	0.0020171	0.00107849	19204.5	1050	105	18628	47.149	47.149	188.596	188.596	0 23307.7 1420.18 	24727.9	6.32976	6.55445	12462	670	0.0246013	0	1.02	1.02
20.9	0.00201712	0.00107853	19205.5	1050	105	18628.9	47.1619	47.1619	188.648	188.648	0 23307 1418.73 	24725.7	6.32959	6.55445	12462	670	0.0245776	0	1.02	1.02
21	0.00201714	0.00107857	19206.5	1050	105	18629.8	47.1748	47.1748	188.699	188.699	0 23306.3 1417.29 	24723.6	6.32942	6.55445	12462	670	0.0245539	0	1.02	1.02
21.1	0.00201715	0.00107861	19207.5	1050	105	18630.7	47.1878	47.1878	188.751	188.751	0 23305.6 1415.85 	24721.5	6.32925	6.55445	12462	670	0.0245303	0	1.02	1.02
21.2	0.00201717	0.00107866	19208.6	1050	105	18631.6	47.2007	47.2007	188.803	188.803	0 23304.9 1414.41 	24719.4	6.32909	6.55445	12462	670	0.0245066	0	1.02	1.02
21.3	0.00201719	0.0010787	19209.6	1050	105	18632.5	47.2137	47.2137	188.855	188.855	0 23304.3 1412.97 	24717.2	6.32892	6.55445	12462	670	0.024483	0	1.02	1.02
21.4	0.00201721	0.00107874	19210.6	1050	105	18633.4	47.2266	47.2266	188.907	188.907	0 23303.6 1411.54 	24715.1	6.32875	6.55445	12462	670	0.0244595	0	1.02	1.02
21.5	0.00201723	0.00107878	19211.7	1050	105	18634.3	47.2396	47.2396	188.958	188.958	0 23302.9 1410.1 	24713	6.32858	6.55445	12462	670	0.0244359	0	1.02	1.02
21.6	0.00201724	0.00107882	19212.7	1050	105	18635.2	47.2526	47.2526	189.01	189.01	0 23302.2 1408.67 	24710.9	6.32841	6.55445	12462	670	0.0244124	0	1.02	1.02
21.7	0.00201726	0.00107886	19213.7	1050	105	18636.1	47.2656	47.2656	189.062	189.062	0 23301.5 1407.24 	24708.7	6.32824	6.55445	12462	670	0.0243889	0	1.02	1.02
21.8	0.00201728	0.0010789	19214.8	1050	105	18637	47.2786	47.2786	189.114	189.114	0 23300.8 1405.81 	24706.6	6.32807	6.55445	12462	670	0.0243654	0	1.02	1.02
21.9	0.0020173	0.00107895	19215.8	1050	105	18637.9	47.2916	47.2916	189.167	189.167	0 23300.1 1404.38 	24704.5	6.3279	6.55445	12462	670	0.0243419	0	1.02	1.02
22	0.00201732	0.00107899	19216.8	1050	105	18638.8	47.3047	47.3047	189.219	189.219	0 23299.4 1402.95 	24702.4	6.32773	6.55445	12462	670	0.0243185	0	1.02	1.02
22.1	0.00201733	0.00107903	19217.8	1050	105	18639.7	47.3178	47.3178	189.271	189.271	0 23298.7 1401.52 	24700.3	6.32757	6.55445	12462	670	0.0242951	0	1.02	1.02
22.2	0.00201735	0.00107907	19218.9	1050	105	18640.6	47.3308	47.3308	189.323	189.323	0 23298.1 1400.1 	24698.2	6.3274	6.55445	12462	670	0.0242717	0	1.02	1.02
22.3	0.00201737	0.00107911	19219.9	1050	105	18641.5	47.3439	47.3439	189.376	189.376	0 23297.4 1398.68 	24696	6.32723	6.55445	12462	670	0.0242484	0	1.02	1.02
22.4	0.00201739	0.00107915	19220.9	1050	105	18642.4	47.357	47.357	189.428	189.428	0 23296.7 1397.26 	24693.9	6.32706	6.55445	12462	670	0.0242251	0	1.02	1.02
22.5	0.00201741	0.0010792	19222	1050	105	18643.3	47.3701	47.3701	189.48	189.48	0 23296 1395.84 	24691.8	6.32689	6.55445	12462	670	0.0242018	0	1.02	1.02
22.6	0.00201742	0.00107924	19223	1050	105	18644.2	47.3832	47.3832	189.533	189.533	0 23295.3 1394.42 	24689.7	6.32673	6.55445	12462	670	0.0241785	0	1.02	1.02
22.7	0.00201744	0.00107928	19224	1050	105	18645.1	47.3964	47.3964	189.586	189.586	0 23294.6 1393.01 	24687.6	6.32656	6.55445	12462	670	0.0241552	0	1.02	1.02
22.8	0.00201746	0.00107932	19225.1	1050	105	18646	47.4095	47.4095	189.638	189.638	0 23293.9 1391.59 	24685.5	6.32639	6.55445	12462	670	0.024132	0	1.02	1.02
22.9	0.00201748	0.00107936	19226.1	1050	105	18646.9	47.4227	47.4227	189.691	189.691	0 23293.2 1390.18 	24683.4	6.32622	6.55445	12462	670	0.0241088	0	1.02	1.02
23	0.00201749	0.0010794	19227.1	1050	105	18647.8	47.4359	47.4359	189.743	189.743	0 23292.5 1388.77 	24681.3	6.32606	6.55445	12462	670	0.0240856	0	1.02	1.02
23.1	0.00201751	0.00107945	19228.2	1050	105	18648.7	47.4491	47.4491	189.796	189.796	0 23291.8 1387.36 	24679.2	6.32589	6.55445	12462	670	0.0240625	0	1.02	1.02
23.2	0.00201753	0.00107949	19229.2	1050	105	18649.6	47.4623	47.4623	189.849	189.849	0 23291.1 1385.95 	24677.1	6.32572	6.55445	12462	670	0.0240394	0	1.02	1.02
23.3	0.00201755	0.00107953	19230.2	1050	105	18650.5	47.4755	47.4755	189.902	189.902	0 23290.4 1384.55 	24675	6.32555	6.55445	12462	670	0.0240163	0	1.02	1.02
23.4	0.00201757	0.00107957	19231.3	1050	105	18651.4	47.4887	47.4887	189.955	189.955	0 23289.7 1383.14 	24672.9	6.32539	6.55445	12462	670	0.0239932	0	1.02	1.02
23.5	0.00201758	0.00107961	19232.3	1050	105	18652.3	47.502	47.502	190.008	190.008	0 23289 1381.74 	24670.8	6.32522	6.55445	12462	670	0.0239701	0	1.02	1.02
23.6	0.0020176	0.00107965	19233.3	1050	105	18653.2	47.5152	47.5152	190.061	190.061	0 23288.3 1380.34 	24668.7	6.32505	6.55445	12462	670	0.0239471	0	1.02	1.02
23.7	0.00201762	0.0010797	19234.4	1050	105	18654.1	47.5285	47.5285	190.114	190.114	0 23287.6 1378.94 	24666.6	6.32489	6.55445	12462	670	0.0239241	0	1.02	1.02
23.8	0.00201764	0.00107974	19235.4	1050	105	18655	47.5418	47.5418	190.167	190.167	0 23287 1377.54 	24664.5	6.32472	6.55445	12462	670	0.0239011	0	1.02	1.02
23.9	0.00201765	0.00107978	19236.4	1050	105	18655.9	47.5551	47.5551	190.22	190.22	0 23286.3 1376.14 	24662.4	6.32455	6.55445	12462	670	0.0238782	0	1.02	1.02
24	0.00201767	0.00107982	19237.5	1050	105	18656.8	47.5684	47.5684	190.273	190.273	0 23285.6 1374.75 	24660.3	6.32439	6.55445	12462	670	0.0238552	0	1.02	1.02
24.1	0.00201769	0.00107986	19238.5	1050	105	18657.7	47.5817	47.5817	190.327	190.327	0 23284.9 1373.35 	24658.2	6.32422	6.55445	12462	670	0.0238323	0	1.02	1.02
24.2	0.00201771	0.0010799	19239.5	1050	105	18658.6	47.595	47.595	190.38	190.38	0 23284.2 1371.96 	24656.1	6.32406	6.55445	12462	670	0.0238095	0	1.02	1.02
24.3	0.00201773	0.00107995	19240.6	1050	105	18659.5	47.6084	47.6084	190.434	190.434	0 23283.5 1370.57 	24654	6.32389	6.55445	12462	670	0.0237866	0	1.02	1.02
24.4	0.00201774	0.00107999	19241.6	1050	105	18660.4	47.6218	47.6218	190.487	190.487	0 23282.8 1369.18 	24652	6.32372	6.55445	12462	670	0.0237638	0	1.02	1.02
24.5	0.00201776	0.00108003	19242.6	1050	105	18661.3	47.6351	47.6351	190.541	190.541	0 23282.1 1367.79 	24649.9	6.32356	6.55445	12462	670	0.023741	0	1.02	1.02
24.6	0.00201778	0.00108007	19243.7	1050	105	18662.2	47.6485	47.6485	190.594	190.594	0 23281.4 1366.41 	24647.8	6.32339	6.55445	12462	670	0.0237182	0	1.02	1.02
24.7	0.0020178	0.00108011	19244.7	1050	105	18663.1	47.6619	47.6619	190.648	190.648	0 23280.7 1365.02 	24645.7	6.32323	6.55445	12462	670	0.0236954	0	1.02	1.02
24.8	0.00201781	0.00108015	19245.7	1050	105	18664	47.6753	47.6753	190.701	190.701	0 23280 1363.64 	24643.6	6.32306	6.55445	12462	670	0.0236727	0	1.02	1.02
24.9	0.00201783	0.0010802	19246.8	1050	105	18664.9	47.6888	47.6888	190.755	190.755	0 23279.3 1362.26 	24641.6	6.3229	6.55445	12462	670	0.02365	0	1.02	1.02
25	0.00201785	0.00108024	19247.8	1050	105	18665.8	47.7022	47.7022	190.809	190.809	0 23278.6 1360.88 	24639.5	6.32273	6.55445	12462	670	0.0236273	0	1.02	1.02
25.1	0.00201787	0.00108028	19248.8	1050	105	18666.7	47.7157	47.7157	190.863	190.863	0 23277.9 1359.5 	24637.4	6.32257	6.55445	12462	670	0.0236047	0	1.02	1.02
25.2	0.00201788	0.00108032	19249.9	1050	105	18667.6	47.7291	47.7291	190.917	190.917	0 23277.2 1358.13 	24635.3	6.3224	6.55445	12462	670	0.023582	0	1.02	1.02
25.3	0.0020179	0.00108036	19250.9	1050	105	18668.5	47.7426	47.7426	190.971	190.971	0 23276.5 1356.75 	24633.3	6.32224	6.55445	12462	670	0.0235594	0	1.02	1.02
25.4	0.00201792	0.0010804	19251.9	1050	105	18669.4	47.7561	47.7561	191.025	191.025	0 23275.8 1355.38 	24631.2	6.32207	6.55445	12462	670	0.0235368	0	1.02	1.02
25.5	0.00201794	0.00108045	19253	1050	105	18670.3	47.7696	47.7696	191.079	191.079	0 23275.1 1354.01 	24629.1	6.32191	6.55445	12462	670	0.0235143	0	1.02	1.02
25.6	0.00201795	0.00108049	19254	1050	105	18671.2	47.7832	47.7832	191.133	191.133	0 23274.4 1352.64 	24627.1	6.32174	6.55445	12462	670	0.0234917	0	1.02	1.02
25.7	0.00201797	0.00108053	19255	1050	105	18672	47.7967	47.7967	191.187	191.187	0 23273.7 1351.27 	24625	6.32158	6.55445	12462	670	0.0234692	0	1.02	1.02
25.8	0.00201799	0.00108057	19256	1050	105	18672.9	47.8103	47.8103	191.241	191.241	0 23273 1349.9 	24622.9	6.32142	6.55445	12462	670	0.0234468	0	1.02	1.02
25.9	0.00201801	0.00108061	19257.1	1050	105	18673.8	47.8238	47.8238	191.295	191.295	0 23272.3 1348.54 	24620.9	6.32125	6.55445	12462	670	0.0234243	0	1.02	1.02
26	0.00201802	0.00108065	19258.1	1050	105	18674.7	47.8374	47.8374	191.35	191.35	0 23271.6 1347.17 	24618.8	6.32109	6.55445	12462	670	0.0234018	0	1.02	1.02
26.1	0.00201804	0.0010807	19259.1	1050	105	18675.6	47.851	47.851	191.404	191.404	0 23270.9 1345.81 	24616.7	6.32093	6.55445	12462	670	0.0233794	0	1.02	1.02
26.2	0.00201806	0.00108074	19260.2	1050	105	18676.5	47.8646	47.8646	191.458	191.458	0 23270.2 1344.45 	24614.7	6.32076	6.55445	12462	670	0.023357	0	1.02	1.02
26.3	0.00201808	0.00108078	19261.2	1050	105	18677.4	47.8782	47.8782	191.513	191.513	0 23269.5 1343.09 	24612.6	6.3206	6.55445	12462	670	0.0233347	0	1.02	1.02
26.4	0.00201809	0.00108082	19262.2	1050	105	18678.3	47.8918	47.8918	191.567	191.567	0 23268.8 1341.73 	24610.6	6.32043	6.55445	12462	670	0.0233123	0	1.02	1.02
26.5	0.00201811	0.00108086	19263.3	1050	105	18679.2	47.9055	47.9055	191.622	191.622	0 23268.1 1340.38 	24608.5	6.32027	6.55445	12462	670	0.02329	0	1.02	1.02
26.6	0.00201813	0.00108091	19264.3	1050	105	18680.1	47.9191	47.9191	191.677	191.677	0 23267.4 1339.02 	24606.5	6.32011	6.55445	12462	670	0.0232677	0	1.02	1.02
26.7	0.00201814	0.00108095	19265.3	1050	105	18681	47.9328	47.9328	191.731	191.731	0 23266.7 1337.67 	24604.4	6.31995	6.55445	12462	670	0.0232455	0	1.02	1.02
26.8	0.00201816	0.00108099	19266.4	1050	105	18681.9	47.9465	47.9465	191.786	191.786	0 23266 1336.32 	24602.4	6.31978	6.55445	12462	670	0.0232232	0	1.02	1.02
26.9	0.00201818	0.00108103	19267.4	1050	105	18682.8	47.9602	47.9602	191.841	191.841	0 23265.4 1334.97 	24600.3	6.31962	6.55445	12462	670	0.023201	0	1.02	1.02
27	0.0020182	0.00108107	19268.4	1050	105	18683.7	47.9739	47.9739	191.896	191.896	0 23264.7 1333.62 	24598.3	6.31946	6.55445	12462	670	0.0231788	0	1.02	1.02
27.1	0.00201821	0.00108111	19269.5	1050	105	18684.6	47.9876	47.9876	191.951	191.951	0 23264 1332.27 	24596.2	6.31929	6.55445	12462	670	0.0231566	0	1.02	1.02
27.2	0.00201823	0.00108116	19270.5	1050	105	18685.5	48.0014	48.0014	192.006	192.006	0 23263.3 1330.93 	24594.2	6.31913	6.55445	12462	670	0.0231345	0	1.02	1.02
27.3	0.00201825	0.0010812	19271.5	1050	105	18686.4	48.0151	48.0151	192.061	192.061	0 23262.6 1329.58 	24592.1	6.31897	6.55445	12462	670	0.0231124	0	1.02	1.02
27.4	0.00201827	0.00108124	19272.5	1050	105	18687.3	48.0289	48.0289	192.116	192.116	0 23261.9 1328.24 	24590.1	6.31881	6.55445	12462	670	0.0230903	0	1.02	1.02
27.5	0.00201828	0.00108128	19273.6	1050	105	18688.1	48.0427	48.0427	192.171	192.171	0 23261.2 1326.9 	24588.1	6.31865	6.55445	12462	670	0.0230682	0	1.02	1.02
27.6	0.0020183	0.00108132	19274.6	1050	105	18689	48.0565	48.0565	192.226	192.226	0 23260.5 1325.56 	24586	6.31848	6.55445	12462	670	0.0230461	0	1.02	1.02
27.7	0.00201832	0.00108136	19275.6	1050	105	18689.9	48.0703	48.0703	192.281	192.281	0 23259.8 1324.22 	24584	6.31832	6.55445	12462	670	0.0230241	0	1.02	1.02
27.8	0.00201833	0.00108141	19276.7	1050	105	18690.8	48.0841	48.0841	192.336	192.336	0 23259.1 1322.89 	24582	6.31816	6.55445	12462	670	0.0230021	0	1.02	1.02
27.9	0.00201835	0.00108145	19277.7	1050	105	18691.7	48.0979	48.0979	192.392	192.392	0 23258.4 1321.55 	24579.9	6.318	6.55445	12462	670	0.0229801	0	1.02	1.02
28	0.00201837	0.00108149	19278.7	1050	105	18692.6	48.1118	48.1118	192.447	192.447	0 23257.7 1320.22 	24577.9	6.31784	6.55445	12462	670	0.0229582	0	1.02	1.02
28.1	0.00201839	0.00108153	19279.7	1050	105	18693.5	48.1256	48.1256	192.503	192.503	0 23257 1318.89 	24575.9	6.31768	6.55445	12462	670	0.0229362	0	1.02	1.02
28.2	0.0020184	0.00108157	19280.8	1050	105	18694.4	48.1395	48.1395	192.558	192.558	0 23256.3 1317.56 	24573.8	6.31752	6.55445	12462	670	0.0229143	0	1.02	1.02
28.3	0.00201842	0.00108161	19281.8	1050	105	18695.3	48.1534	48.1534	192.614	192.614	0 23255.6 1316.23 	24571.8	6.31735	6.55445	12462	670	0.0228924	0	1.02	1.02
28.4	0.00201844	0.00108166	19282.8	1050	105	18696.2	48.1673	48.1673	192.669	192.669	0 23254.9 1314.9 	24569.8	6.31719	6.55445	12462	670	0.0228706	0	1.02	1.02
28.5	0.00201845	0.0010817	19283.9	1050	105	18697.1	48.1812	48.1812	192.725	192.725	0 23254.2 1313.57 	24567.8	6.31703	6.55445	12462	670	0.0228487	0	1.02	1.02
28.6	0.00201847	0.00108174	19284.9	1050	105	18697.9	48.1951	48.1951	192.781	192.781	0 23253.5 1312.25 	24565.7	6.31687	6.55445	12462	670	0.0228269	0	1.02	1.02
28.7	0.00201849	0.00108178	19285.9	1050	105	18698.8	48.2091	48.2091	192.836	192.836	0 23252.8 1310.93 	24563.7	6.31671	6.55445	12462	670	0.0228051	0	1.02	1.02
28.8	0.00201851	0.00108182	19286.9	1050	105	18699.7	48.223	48.223	192.892	192.892	0 23252.1 1309.61 	24561.7	6.31655	6.55445	12462	670	0.0227834	0	1.02	1.02
28.9	0.00201852	0.00108186	19288	1050	105	18700.6	48.237	48.237	192.948	192.948	0 23251.4 1308.29 	24559.7	6.31639	6.55445	12462	670	0.0227616	0	1.02	1.02
29	0.00201854	0.00108191	19289	1050	105	18701.5	48.251	48.251	193.004	193.004	0 23250.7 1306.97 	24557.7	6.31623	6.55445	12462	670	0.0227399	0	1.02	1.02
29.1	0.00201856	0.00108195	19290	1050	105	18702.4	48.265	48.265	193.06	193.06	0 23250 1305.65 	24555.6	6.31607	6.55445	12462	670	0.0227182	0	1.02	1.02
29.2	0.00201857	0.00108199	19291.1	1050	105	18703.3	48.279	48.279	193.116	193.116	0 23249.3 1304.34 	24553.6	6.31591	6.55445	12462	670	0.0226965	0	1.02	1.02
29.3	0.00201859	0.00108203	19292.1	1050	105	18704.2	48.293	48.293	193.172	193.172	0 23248.6 1303.02 	24551.6	6.31575	6.55445	12462	670	0.0226749	0	1.02	1.02
29.4	0.00201861	0.00108207	19293.1	1050	105	18705	48.307	48.307	193.228	193.228	0 23247.9 1301.71 	24549.6	6.31559	6.55445	12462	670	0.0226533	0	1.02	1.02
29.5	0.00201863	0.00108211	19294.1	1050	105	18705.9	48.3211	48.3211	193.284	193.284	0 23247.2 1300.4 	24547.6	6.31543	6.55445	12462	670	0.0226317	0	1.02	1.02
29.6	0.00201864	0.00108216	19295.2	1050	105	18706.8	48.3351	48.3351	193.341	193.341	0 23246.5 1299.09 	24545.6	6.31527	6.55445	12462	670	0.0226101	0	1.02	1.02
29.7	0.00201866	0.0010822	19296.2	1050	105	18707.7	48.3492	48.3492	193.397	193.397	0 23245.8 1297.79 	24543.6	6.31511	6.55445	12462	670	0.0225885	0	1.02	1.02
29.8	0.00201868	0.00108224	19297.2	1050	105	18708.6	48.3633	48.3633	193.453	193.453	0 23245.1 1296.48 	24541.6	6.31495	6.55445	12462	670	0.022567	0	1.02	1.02
29.9	0.00201869	0.00108228	19298.2	1050	105	18709.5	48.3774	48.3774	193.51	193.51	0 23244.4 1295.17 	24539.6	6.31479	6.55445	12462	670	0.0225455	0	1.02	1.02
30	0.00201871	0.00108232	19299.3	1050	105	18710.4	48.3915	48.3915	193.566	193.566	0 23243.7 1293.87 	24537.6	6.31464	6.55445	12462	670	0.022524	0	1.02	1.02
30.1	0.00201873	0.00108236	19300.3	1050	105	18711.2	48.4056	48.4056	193.623	193.623	0 23243 1292.57 	24535.6	6.31448	6.55445	12462	670	0.0225025	0	1.02	1.02
30.2	0.00201874	0.0010824	19301.3	1050	105	18712.1	48.4198	48.4198	193.679	193.679	0 23242.3 1291.27 	24533.6	6.31432	6.55445	12462	670	0.0224811	0	1.02	1.02
30.3	0.00201876	0.00108245	19302.3	1050	105	18713	48.4339	48.4339	193.736	193.736	0 23241.6 1289.97 	24531.6	6.31416	6.55445	12462	670	0.0224597	0	1.02	1.02
30.4	0.00201878	0.00108249	19303.4	1050	105	18713.9	48.4481	48.4481	193.792	193.792	0 23240.9 1288.67 	24529.6	6.314	6.55445	12462	670	0.0224383	0	1.02	1.02
30.5	0.00201879	0.00108253	19304.4	1050	105	18714.8	48.4623	48.4623	193.849	193.849	0 23240.2 1287.38 	24527.6	6.31384	6.55445	12462	670	0.0224169	0	1.02	1.02
30.6	0.00201881	0.00108257	19305.4	1050	105	18715.7	48.4765	48.4765	193.906	193.906	0 23239.5 1286.08 	24525.6	6.31368	6.55445	12462	670	0.0223956	0	1.02	1.02
30.7	0.00201883	0.00108261	19306.4	1050	105	18716.5	48.4907	48.4907	193.963	193.963	0 23238.8 1284.79 	24523.6	6.31353	6.55445	12462	670	0.0223742	0	1.02	1.02
30.8	0.00201885	0.00108265	19307.5	1050	105	18717.4	48.5049	48.5049	194.02	194.02	0 23238.1 1283.5 	24521.6	6.31337	6.55445	12462	670	0.0223529	0	1.02	1.02
30.9	0.00201886	0.0010827	19308.5	1050	105	18718.3	48.5192	48.5192	194.077	194.077	0 23237.4 1282.21 	24519.6	6.31321	6.55445	12462	670	0.0223317	0	1.02	1.02
31	0.00201888	0.00108274	19309.5	1050	105	18719.2	48.5334	48.5334	194.134	194.134	0 23236.7 1280.92 	24517.7	6.31305	6.55445	12462	670	0.0223104	0	1.02	1.02
31.1	0.0020189	0.00108278	19310.5	1050	105	18720.1	48.5477	48.5477	194.191	194.191	0 23236 1279.64 	24515.7	6.31289	6.55445	12462	670	0.0222892	0	1.02	1.02
31.2	0.00201891	0.00108282	19311.6	1050	105	18721	48.562	48.562	194.248	194.248	0 23235.3 1278.35 	24513.7	6.31274	6.55445	12462	670	0.022268	0	1.02	1.02
31.3	0.00201893	0.00108286	19312.6	1050	105	18721.8	48.5762	48.5762	194.305	194.305	0 23234.6 1277.07 	24511.7	6.31258	6.55445	12462	670	0.0222468	0	1.02	1.02
31.4	0.00201895	0.0010829	19313.6	1050	105	18722.7	48.5906	48.5906	194.362	194.362	0 23233.9 1275.78 	24509.7	6.31242	6.55445	12462	670	0.0222256	0	1.02	1.02
31.5	0.00201896	0.00108294	19314.6	1050	105	18723.6	48.6049	48.6049	194.419	194.419	0 23233.2 1274.5 	24507.7	6.31226	6.55445	12462	670	0.0222045	0	1.02	1.02
31.6	0.00201898	0.00108299	19315.7	1050	105	18724.5	48.6192	48.6192	194.477	194.477	0 23232.5 1273.22 	24505.8	6.31211	6.55445	12462	670	0.0221834	0	1.02	1.02
31.7	0.002019	0.00108303	19316.7	1050	105	18725.4	48.6335	48.6335	194.534	194.534	0 23231.8 1271.95 	24503.8	6.31195	6.55445	12462	670	0.0221623	0	1.02	1.02
31.8	0.00201901	0.00108307	19317.7	1050	105	18726.2	48.6479	48.6479	194.592	194.592	0 23231.1 1270.67 	24501.8	6.31179	6.55445	12462	670	0.0221412	0	1.02	1.02
31.9	0.00201903	0.00108311	19318.7	1050	105	18727.1	48.6623	48.6623	194.649	194.649	0 23230.4 1269.39 	24499.8	6.31164	6.55445	12462	670	0.0221202	0	1.02	1.02
32	0.00201905	0.00108315	19319.8	1050	105	18728	48.6767	48.6767	194.707	194.707	0 23229.7 1268.12 	24497.9	6.31148	6.55445	12462	670	0.0220992	0	1.02	1.02
32.1	0.00201906	0.00108319	19320.8	1050	105	18728.9	48.6911	48.6911	194.764	194.764	0 23229.1 1266.85 	24495.9	6.31132	6.55445	12462	670	0.0220782	0	1.02	1.02
32.2	0.00201908	0.00108324	19321.8	1050	105	18729.7	48.7055	48.7055	194.822	194.822	0 23228.4 1265.58 	24493.9	6.31117	6.55445	12462	670	0.0220572	0	1.02	1.02
32.3	0.0020191	0.00108328	19322.8	1050	105	18730.6	48.7199	48.7199	194.88	194.88	0 23227.7 1264.31 	24492	6.31101	6.55445	12462	670	0.0220362	0	1.02	1.02
32.4	0.00201911	0.00108332	19323.8	1050	105	18731.5	48.7343	48.7343	194.937	194.937	0 23227 1263.04 	24490	6.31086	6.55445	12462	670	0.0220153	0	1.02	1.02
32.5	0.00201913	0.00108336	19324.9	1050	105	18732.4	48.7488	48.7488	194.995	194.995	0 23226.3 1261.78 	24488	6.3107	6.55445	12462	670	0.0219944	0	1.02	1.02
32.6	0.00201915	0.0010834	19325.9	1050	105	18733.3	48.7633	48.7633	195.053	195.053	0 23225.6 1260.51 	24486.1	6.31054	6.55445	12462	670	0.0219735	0	1.02	1.02
32.7	0.00201916	0.00108344	19326.9	1050	105	18734.1	48.7777	48.7777	195.111	195.111	0 23224.9 1259.25 	24484.1	6.31039	6.55445	12462	670	0.0219526	0	1.02	1.02
32.8	0.00201918	0.00108348	19327.9	1050	105	18735	48.7922	48.7922	195.169	195.169	0 23224.2 1257.99 	24482.2	6.31023	6.55445	12462	670	0.0219318	0	1.02	1.02
32.9	0.0020192	0.00108353	19329	1050	105	18735.9	48.8067	48.8067	195.227	195.227	0 23223.5 1256.73 	24480.2	6.31008	6.55445	12462	670	0.021911	0	1.02	1.02
33	0.00201921	0.00108357	19330	1050	105	18736.8	48.8213	48.8213	195.285	195.285	0 23222.8 1255.47 	24478.2	6.30992	6.55445	12462	670	0.0218902	0	1.02	1.02
33.1	0.00201923	0.00108361	19331	1050	105	18737.6	48.8358	48.8358	195.343	195.343	0 23222.1 1254.21 	24476.3	6.30977	6.55445	12462	670	0.0218694	0	1.02	1.02
33.2	0.00201925	0.00108365	19332	1050	105	18738.5	48.8503	48.8503	195.401	195.401	0 23221.4 1252.95 	24474.3	6.30961	6.55445	12462	670	0.0218487	0	1.02	1.02
33.3	0.00201926	0.00108369	19333	1050	105	18739.4	48.8649	48.8649	195.46	195.46	0 23220.7 1251.7 	24472.4	6.30946	6.55445	12462	670	0.021828	0	1.02	1.02
33.4	0.00201928	0.00108373	19334.1	1050	105	18740.3	48.8795	48.8795	195.518	195.518	0 23220 1250.45 	24470.4	6.3093	6.55445	12462	670	0.0218073	0	1.02	1.02
33.5	0.0020193	0.00108377	19335.1	1050	105	18741.1	48.8941	48.8941	195.576	195.576	0 23219.3 1249.19 	24468.5	6.30915	6.55445	12462	670	0.0217866	0	1.02	1.02
33.6	0.00201931	0.00108382	19336.1	1050	105	18742	48.9087	48.9087	195.635	195.635	0 23218.6 1247.94 	24466.5	6.30899	6.55445	12462	670	0.0217659	0	1.02	1.02
33.7	0.00201933	0.00108386	19337.1	1050	105	18742.9	48.9233	48.9233	195.693	195.693	0 23217.9 1246.69 	24464.6	6.30884	6.55445	12462	670	0.0217453	0	1.02	1.02
33.8	0.00201935	0.0010839	19338.1	1050	105	18743.8	48.9379	48.9379	195.752	195.752	0 23217.2 1245.45 	24462.6	6.30868	6.55445	12462	670	0.0217247	0	1.02	1.02
33.9	0.00201936	0.00108394	19339.2	1050	105	18744.6	48.9526	48.9526	195.81	195.81	0 23216.5 1244.2 	24460.7	6.30853	6.55445	12462	670	0.0217041	0	1.02	1.02
34	0.00201938	0.00108398	19340.2	1050	105	18745.5	48.9672	48.9672	195.869	195.869	0 23215.8 1242.96 	24458.8	6.30837	6.55445	12462	670	0.0216835	0	1.02	1.02
34.1	0.00201939	0.00108402	19341.2	1050	105	18746.4	48.9819	48.9819	195.928	195.928	0 23215.1 1241.71 	24456.8	6.30822	6.55445	12462	670	0.021663	0	1.02	1.02
34.2	0.00201941	0.00108406	19342.2	1050	105	18747.3	48.9966	48.9966	195.986	195.986	0 23214.4 1240.47 	24454.9	6.30806	6.55445	12462	670	0.0216425	0	1.02	1.02
34.3	0.00201943	0.00108411	19343.2	1050	105	18748.1	49.0113	49.0113	196.045	196.045	0 23213.7 1239.23 	24452.9	6.30791	6.55445	12462	670	0.021622	0	1.02	1.02
34.4	0.00201944	0.00108415	19344.3	1050	105	18749	49.026	49.026	196.104	196.104	0 23213 1237.99 	24451	6.30776	6.55445	12462	670	0.0216015	0	1.02	1.02
34.5	0.00201946	0.00108419	19345.3	1050	105	18749.9	49.0407	49.0407	196.163	196.163	0 23212.3 1236.76 	24449.1	6.3076	6.55445	12462	670	0.021581	0	1.02	1.02
34.6	0.00201948	0.00108423	19346.3	1050	105	18750.7	49.0554	49.0554	196.222	196.222	0 23211.6 1235.52 	24447.1	6.30745	6.55445	12462	670	0.0215606	0	1.02	1.02
34.7	0.00201949	0.00108427	19347.3	1050	105	18751.6	49.0702	49.0702	196.281	196.281	0 23210.9 1234.29 	24445.2	6.3073	6.55445	12462	670	0.0215402	0	1.02	1.02
34.8	0.00201951	0.00108431	19348.3	1050	105	18752.5	49.085	49.085	196.34	196.34	0 23210.2 1233.05 	24443.3	6.30714	6.55445	12462	670	0.0215198	0	1.02	1.02
34.9	0.00201953	0.00108435	19349.3	1050	105	18753.3	49.0997	49.0997	196.399	196.399	0 23209.5 1231.82 	24441.3	6.30699	6.55445	12462	670	0.0214994	0	1.02	1.02
35	0.00201954	0.0010844	19350.4	1050	105	18754.2	49.1145	49.1145	196.458	196.458	0 23208.8 1230.59 	24439.4	6.30684	6.55445	12462	670	0.0214791	0	1.02	1.02
35.1	0.00201956	0.00108444	19351.4	1050	105	18755.1	49.1293	49.1293	196.517	196.517	0 23208.1 1229.36 	24437.5	6.30668	6.55445	12462	670	0.0214588	0	1.02	1.02
35.2	0.00201957	0.00108448	19352.4	1050	105	18756	49.1442	49.1442	196.577	196.577	0 23207.4 1228.13 	24435.6	6.30653	6.55445	12462	670	0.0214385	0	1.02	1.02
35.3	0.00201959	0.00108452	19353.4	1050	105	18756.8	49.159	49.159	196.636	196.636	0 23206.7 1226.91 	24433.6	6.30638	6.55445	12462	670	0.0214182	0	1.02	1.02
35.4	0.00201961	0.00108456	19354.4	1050	105	18757.7	49.1738	49.1738	196.695	196.695	0 23206 1225.68 	24431.7	6.30623	6.55445	12462	670	0.021398	0	1.02	1.02
35.5	0.00201962	0.0010846	19355.4	1050	105	18758.6	49.1887	49.1887	196.755	196.755	0 23205.3 1224.46 	24429.8	6.30607	6.55445	12462	670	0.0213777	0	1.02	1.02
35.6	0.00201964	0.00108464	19356.5	1050	105	18759.4	49.2036	49.2036	196.814	196.814	0 23204.6 1223.24 	24427.9	6.30592	6.55445	12462	670	0.0213575	0	1.02	1.02
35.7	0.00201966	0.00108468	19357.5	1050	105	18760.3	49.2185	49.2185	196.874	196.874	0 23203.9 1222.02 	24426	6.30577	6.55445	12462	670	0.0213373	0	1.02	1.02
35.8	0.00201967	0.00108473	19358.5	1050	105	18761.2	49.2334	49.2334	196.933	196.933	0 23203.2 1220.8 	24424	6.30562	6.55445	12462	670	0.0213172	0	1.02	1.02
35.9	0.00201969	0.00108477	19359.5	1050	105	18762	49.2483	49.2483	196.993	196.993	0 23202.5 1219.58 	24422.1	6.30546	6.55445	12462	670	0.021297	0	1.02	1.02
36	0.0020197	0.00108481	19360.5	1050	105	18762.9	49.2632	49.2632	197.053	197.053	0 23201.9 1218.37 	24420.2	6.30531	6.55445	12462	670	0.0212769	0	1.02	1.02
36.1	0.00201972	0.00108485	19361.5	1050	105	18763.8	49.2781	49.2781	197.113	197.113	0 23201.2 1217.15 	24418.3	6.30516	6.55445	12462	670	0.0212568	0	1.02	1.02
36.2	0.00201974	0.00108489	19362.6	1050	105	18764.6	49.2931	49.2931	197.172	197.172	0 23200.5 1215.94 	24416.4	6.30501	6.55445	12462	670	0.0212368	0	1.02	1.02
36.3	0.00201975	0.00108493	19363.6	1050	105	18765.5	49.3081	49.3081	197.232	197.232	0 23199.8 1214.73 	24414.5	6.30486	6.55445	12462	670	0.0212167	0	1.02	1.02
36.4	0.00201977	0.00108497	19364.6	1050	105	18766.4	49.323	49.323	197.292	197.292	0 23199.1 1213.52 	24412.6	6.30471	6.55445	12462	670	0.0211967	0	1.02	1.02
36.5	0.00201979	0.00108501	19365.6	1050	105	18767.2	49.338	49.338	197.352	197.352	0 23198.4 1212.31 	24410.7	6.30455	6.55445	12462	670	0.0211767	0	1.02	1.02
36.6	0.0020198	0.00108506	19366.6	1050	105	18768.1	49.3531	49.3531	197.412	197.412	0 23197.7 1211.1 	24408.8	6.3044	6.55445	12462	670	0.0211567	0	1.02	1.02
36.7	0.00201982	0.0010851	19367.6	1050	105	18768.9	49.3681	49.3681	197.472	197.472	0 23197 1209.9 	24406.9	6.30425	6.55445	12462	670	0.0211367	0	1.02	1.02
36.8	0.00201983	0.00108514	19368.6	1050	105	18769.8	49.3831	49.3831	197.532	197.532	0 23196.3 1208.69 	24405	6.3041	6.55445	12462	670	0.0211168	0	1.02	1.02
36.9	0.00201985	0.00108518	19369.7	1050	105	18770.7	49.3982	49.3982	197.593	197.593	0 23195.6 1207.49 	24403.1	6.30395	6.55445	12462	670	0.0210969	0	1.02	1.02
37	0.00201987	0.00108522	19370.7	1050	105	18771.5	49.4132	49.4132	197.653	197.653	0 23194.9 1206.29 	24401.2	6.3038	6.55445	12462	670	0.021077	0	1.02	1.02
37.1	0.00201988	0.00108526	19371.7	1050	105	18772.4	49.4283	49.4283	197.713	197.713	0 23194.2 1205.09 	24399.3	6.30365	6.55445	12462	670	0.0210571	0	1.02	1.02
37.2	0.0020199	0.0010853	19372.7	1050	105	18773.3	49.4434	49.4434	197.774	197.774	0 23193.5 1203.89 	24397.4	6.3035	6.55445	12462	670	0.0210372	0	1.02	1.02
37.3	0.00201991	0.00108534	19373.7	1050	105	18774.1	49.4585	49.4585	197.834	197.834	0 23192.8 1202.69 	24395.5	6.30335	6.55445	12462	670	0.0210174	0	1.02	1.02
37.4	0.00201993	0.00108539	19374.7	1050	105	18775	49.4736	49.4736	197.895	197.895	0 23192.1 1201.49 	24393.6	6.3032	6.55445	12462	670	0.0209976	0	1.02	1.02
37.5	0.00201995	0.00108543	19375.7	1050	105	18775.8	49.4888	49.4888	197.955	197.955	0 23191.4 1200.3 	24391.7	6.30305	6.55445	12462	670	0.0209778	0	1.02	1.02
37.6	0.00201996	0.00108547	19376.7	1050	105	18776.7	49.5039	49.5039	198.016	198.016	0 23190.7 1199.1 	24389.8	6.3029	6.55445	12462	670	0.0209581	0	1.02	1.02
37.7	0.00201998	0.00108551	19377.8	1050	105	18777.6	49.5191	49.5191	198.076	198.076	0 23190 1197.91 	24387.9	6.30275	6.55445	12462	670	0.0209383	0	1.02	1.02
37.8	0.00201999	0.00108555	19378.8	1050	105	18778.4	49.5342	49.5342	198.137	198.137	0 23189.3 1196.72 	24386	6.3026	6.55445	12462	670	0.0209186	0	1.02	1.02
37.9	0.00202001	0.00108559	19379.8	1050	105	18779.3	49.5494	49.5494	198.198	198.198	0 23188.6 1195.53 	24384.2	6.30245	6.55445	12462	670	0.0208989	0	1.02	1.02
38	0.00202003	0.00108563	19380.8	1050	105	18780.1	49.5646	49.5646	198.259	198.259	0 23187.9 1194.34 	24382.3	6.3023	6.55445	12462	670	0.0208792	0	1.02	1.02
38.1	0.00202004	0.00108567	19381.8	1050	105	18781	49.5799	49.5799	198.319	198.319	0 23187.2 1193.16 	24380.4	6.30215	6.55445	12462	670	0.0208596	0	1.02	1.02
38.2	0.00202006	0.00108572	19382.8	1050	105	18781.9	49.5951	49.5951	198.38	198.38	0 23186.5 1191.97 	24378.5	6.302	6.55445	12462	670	0.0208399	0	1.02	1.02
38.3	0.00202007	0.00108576	19383.8	1050	105	18782.7	49.6103	49.6103	198.441	198.441	0 23185.8 1190.79 	24376.6	6.30185	6.55445	12462	670	0.0208203	0	1.02	1.02
38.4	0.00202009	0.0010858	19384.8	1050	105	18783.6	49.6256	49.6256	198.502	198.502	0 23185.1 1189.61 	24374.7	6.3017	6.55445	12462	670	0.0208007	0	1.02	1.02
38.5	0.00202011	0.00108584	19385.8	1050	105	18784.4	49.6409	49.6409	198.563	198.563	0 23184.4 1188.43 	24372.9	6.30155	6.55445	12462	670	0.0207812	0	1.02	1.02
38.6	0.00202012	0.00108588	19386.9	1050	105	18785.3	49.6561	49.6561	198.625	198.625	0 23183.7 1187.25 	24371	6.3014	6.55445	12462	670	0.0207616	0	1.02	1.02
38.7	0.00202014	0.00108592	19387.9	1050	105	18786.2	49.6714	49.6714	198.686	198.686	0 23183.1 1186.07 	24369.1	6.30125	6.55445	12462	670	0.0207421	0	1.02	1.02
38.8	0.00202015	0.00108596	19388.9	1050	105	18787	49.6867	49.6867	198.747	198.747	0 23182.4 1184.89 	24367.2	6.3011	6.55445	12462	670	0.0207226	0	1.02	1.02
38.9	0.00202017	0.001086	19389.9	1050	105	18787.9	49.7021	49.7021	198.808	198.808	0 23181.7 1183.72 	24365.4	6.30096	6.55445	12462	670	0.0207031	0	1.02	1.02
39	0.00202019	0.00108604	19390.9	1050	105	18788.7	49.7174	49.7174	198.87	198.87	0 23181 1182.54 	24363.5	6.30081	6.55445	12462	670	0.0206837	0	1.02	1.02
39.1	0.0020202	0.00108609	19391.9	1050	105	18789.6	49.7328	49.7328	198.931	198.931	0 23180.3 1181.37 	24361.6	6.30066	6.55445	12462	670	0.0206642	0	1.02	1.02
39.2	0.00202022	0.00108613	19392.9	1050	105	18790.4	49.7481	49.7481	198.993	198.993	0 23179.6 1180.2 	24359.8	6.30051	6.55445	12462	670	0.0206448	0	1.02	1.02
39.3	0.00202023	0.00108617	19393.9	1050	105	18791.3	49.7635	49.7635	199.054	199.054	0 23178.9 1179.03 	24357.9	6.30036	6.55445	12462	670	0.0206254	0	1.02	1.02
39.4	0.00202025	0.00108621	19394.9	1050	105	18792.1	49.7789	49.7789	199.116	199.116	0 23178.2 1177.86 	24356	6.30022	6.55445	12462	670	0.0206061	0	1.02	1.02
39.5	0.00202027	0.00108625	19395.9	1050	105	18793	49.7943	49.7943	199.177	199.177	0 23177.5 1176.69 	24354.2	6.30007	6.55445	12462	670	0.0205867	0	1.02	1.02
39.6	0.00202028	0.00108629	19397	1050	105	18793.9	49.8097	49.8097	199.239	199.239	0 23176.8 1175.53 	24352.3	6.29992	6.55445	12462	670	0.0205674	0	1.02	1.02
39.7	0.0020203	0.00108633	19398	1050	105	18794.7	49.8252	49.8252	199.301	199.301	0 23176.1 1174.36 	24350.5	6.29977	6.55445	12462	670	0.0205481	0	1.02	1.02
39.8	0.00202031	0.00108637	19399	1050	105	18795.6	49.8406	49.8406	199.362	199.362	0 23175.4 1173.2 	24348.6	6.29962	6.55445	12462	670	0.0205288	0	1.02	1.02
39.9	0.00202033	0.00108641	19400	1050	105	18796.4	49.8561	49.8561	199.424	199.424	0 23174.7 1172.04 	24346.7	6.29948	6.55445	12462	670	0.0205095	0	1.02	1.02
40	0.00202034	0.00108646	19401	1050	105	18797.3	49.8716	49.8716	199.486	199.486	0 23174 1170.88 	24344.9	6.29933	6.55445	12462	670	0.0204903	0	1.02	1.02
40.1	0.00202036	0.0010865	19402	1050	105	18798.1	49.887	49.887	199.548	199.548	0 23173.3 1169.72 	24343	6.29918	6.55445	12462	670	0.0204711	0	1.02	1.02
40.2	0.00202038	0.00108654	19403	1050	105	18799	49.9025	49.9025	199.61	199.61	0 23172.6 1168.56 	24341.2	6.29903	6.55445	12462	670	0.0204519	0	1.02	1.02
40.3	0.00202039	0.00108658	19404	1050	105	18799.8	49.9181	49.9181	199.672	199.672	0 23171.9 1167.4 	24339.3	6.29889	6.55445	12462	670	0.0204327	0	1.02	1.02
40.4	0.00202041	0.00108662	19405	1050	105	18800.7	49.9336	49.9336	199.734	199.734	0 23171.2 1166.25 	24337.5	6.29874	6.55445	12462	670	0.0204135	0	1.02	1.02
40.5	0.00202042	0.00108666	19406	1050	105	18801.5	49.9491	49.9491	199.797	199.797	0 23170.5 1165.1 	24335.6	6.29859	6.55445	12462	670	0.0203944	0	1.02	1.02
40.6	0.00202044	0.0010867	19407	1050	105	18802.4	49.9647	49.9647	199.859	199.859	0 23169.8 1163.94 	24333.8	6.29845	6.55445	12462	670	0.0203753	0	1.02	1.02
40.7	0.00202045	0.00108674	19408	1050	105	18803.2	49.9803	49.9803	199.921	199.921	0 23169.2 1162.79 	24331.9	6.2983	6.55445	12462	670	0.0203562	0	1.02	1.02
40.8	0.00202047	0.00108678	19409	1050	105	18804.1	49.9959	49.9959	199.983	199.983	0 23168.5 1161.64 	24330.1	6.29815	6.55445	12462	670	0.0203371	0	1.02	1.02
40.9	0.00202049	0.00108682	19410	1050	105	18804.9	50.0115	50.0115	200.046	200.046	0 23167.8 1160.49 	24328.3	6.29801	6.55445	12462	670	0.0203181	0	1.02	1.02
41	0.0020205	0.00108687	19411	1050	105	18805.8	50.0271	50.0271	200.108	200.108	0 23167.1 1159.35 	24326.4	6.29786	6.55445	12462	670	0.0202991	0	1.02	1.02
41.1	0.00202052	0.00108691	19412.1	1050	105	18806.6	50.0427	50.0427	200.171	200.171	0 23166.4 1158.2 	24324.6	6.29772	6.55445	12462	670	0.0202801	0	1.02	1.02
41.2	0.00202053	0.00108695	19413.1	1050	105	18807.5	50.0583	50.0583	200.233	200.233	0 23165.7 1157.06 	24322.7	6.29757	6.55445	12462	670	0.0202611	0	1.02	1.02
41.3	0.00202055	0.00108699	19414.1	1050	105	18808.3	50.074	50.074	200.296	200.296	0 23165 1155.92 	24320.9	6.29742	6.55445	12462	670	0.0202421	0	1.02	1.02
41.4	0.00202056	0.00108703	19415.1	1050	105	18809.2	50.0897	50.0897	200.359	200.359	0 23164.3 1154.77 	24319.1	6.29728	6.55445	12462	670	0.0202232	0	1.02	1.02
41.5	0.00202058	0.00108707	19416.1	1050	105	18810	50.1053	50.1053	200.421	200.421	0 23163.6 1153.63 	24317.2	6.29713	6.55445	12462	670	0.0202043	0	1.02	1.02
41.6	0.00202059	0.00108711	19417.1	1050	105	18810.9	50.121	50.121	200.484	200.484	0 23162.9 1152.5 	24315.4	6.29699	6.55445	12462	670	0.0201854	0	1.02	1.02
41.7	0.00202061	0.00108715	19418.1	1050	105	18811.7	50.1367	50.1367	200.547	200.547	0 23162.2 1151.36 	24313.6	6.29684	6.55445	12462	670	0.0201665	0	1.02	1.02
41.8	0.00202063	0.00108719	19419.1	1050	105	18812.6	50.1525	50.1525	200.61	200.61	0 23161.5 1150.22 	24311.7	6.2967	6.55445	12462	670	0.0201476	0	1.02	1.02
41.9	0.00202064	0.00108723	19420.1	1050	105	18813.4	50.1682	50.1682	200.673	200.673	0 23160.8 1149.09 	24309.9	6.29655	6.55445	12462	670	0.0201288	0	1.02	1.02
42	0.00202066	0.00108727	19421.1	1050	105	18814.3	50.184	50.184	200.736	200.736	0 23160.1 1147.95 	24308.1	6.29641	6.55445	12462	670	0.02011	0	1.02	1.02
42.1	0.00202067	0.00108732	19422.1	1050	105	18815.1	50.1997	50.1997	200.799	200.799	0 23159.4 1146.82 	24306.3	6.29626	6.55445	12462	670	0.0200912	0	1.02	1.02
42.2	0.00202069	0.00108736	19423.1	1050	105	18815.9	50.2155	50.2155	200.862	200.862	0 23158.7 1145.69 	24304.4	6.29612	6.55445	12462	670	0.0200724	0	1.02	1.02
42.3	0.0020207	0.0010874	19424.1	1050	105	18816.8	50.2313	50.2313	200.925	200.925	0 23158 1144.56 	24302.6	6.29597	6.55445	12462	670	0.0200537	0	1.02	1.02
42.4	0.00202072	0.00108744	19425.1	1050	105	18817.6	50.2471	50.2471	200.988	200.988	0 23157.4 1143.44 	24300.8	6.29583	6.55445	12462	670	0.020035	0	1.02	1.02
42.5	0.00202073	0.00108748	19426.1	1050	105	18818.5	50.2629	50.2629	201.052	201.052	0 23156.7 1142.31 	24299	6.29568	6.55445	12462	670	0.0200162	0	1.02	1.02
42.6	0.00202075	0.00108752	19427.1	1050	105	18819.3	50.2788	50.2788	201.115	201.115	0 23156 1141.18 	24297.2	6.29554	6.55445	12462	670	0.0199976	0	1.02	1.02
42.7	0.00202076	0.00108756	19428.1	1050	105	18820.2	50.2946	50.2946	201.178	201.178	0 23155.3 1140.06 	24295.3	6.29539	6.55445	12462	670	0.0199789	0	1.02	1.02
42.8	0.00202078	0.0010876	19429.1	1050	105	18821	50.3105	50.3105	201.242	201.242	0 23154.6 1138.94 	24293.5	6.29525	6.55445	12462	670	0.0199603	0	1.02	1.02
42.9	0.0020208	0.00108764	19430.1	1050	105	18821.9	50.3263	50.3263	201.305	201.305	0 23153.9 1137.82 	24291.7	6.29511	6.55445	12462	670	0.0199416	0	1.02	1.02
43	0.00202081	0.00108768	19431.1	1050	105	18822.7	50.3422	50.3422	201.369	201.369	0 23153.2 1136.7 	24289.9	6.29496	6.55445	12462	670	0.019923	0	1.02	1.02
43.1	0.00202083	0.00108772	19432.1	1050	105	18823.5	50.3581	50.3581	201.433	201.433	0 23152.5 1135.58 	24288.1	6.29482	6.55445	12462	670	0.0199044	0	1.02	1.02
43.2	0.00202084	0.00108777	19433.1	1050	105	18824.4	50.3741	50.3741	201.496	201.496	0 23151.8 1134.46 	24286.3	6.29467	6.55445	12462	670	0.0198859	0	1.02	1.02
43.3	0.00202086	0.00108781	19434.1	1050	105	18825.2	50.39	50.39	201.56	201.56	0 23151.1 1133.34 	24284.5	6.29453	6.55445	12462	670	0.0198674	0	1.02	1.02
43.4	0.00202087	0.00108785	19435.1	1050	105	18826.1	50.4059	50.4059	201.624	201.624	0 23150.4 1132.23 	24282.7	6.29439	6.55445	12462	670	0.0198488	0	1.02	1.02
43.5	0.00202089	0.00108789	19436.1	1050	105	18826.9	50.4219	50.4219	201.688	201.688	0 23149.7 1131.12 	24280.8	6.29424	6.55445	12462	670	0.0198303	0	1.02	1.02
43.6	0.0020209	0.00108793	19437.1	1050	105	18827.7	50.4379	50.4379	201.751	201.751	0 23149 1130 	24279	6.2941	6.55445	12462	670	0.0198119	0	1.02	1.02
43.7	0.00202092	0.00108797	19438.1	1050	105	18828.6	50.4539	50.4539	201.815	201.815	0 23148.3 1128.89 	24277.2	6.29396	6.55445	12462	670	0.0197934	0	1.02	1.02
43.8	0.00202093	0.00108801	19439.1	1050	105	18829.4	50.4699	50.4699	201.879	201.879	0 23147.7 1127.78 	24275.4	6.29381	6.55445	12462	670	0.019775	0	1.02	1.02
43.9	0.00202095	0.00108805	19440.1	1050	105	18830.3	50.4859	50.4859	201.943	201.943	0 23147 1126.68 	24273.6	6.29367	6.55445	12462	670	0.0197566	0	1.02	1.02
44	0.00202096	0.00108809	19441.1	1050	105	18831.1	50.5019	50.5019	202.008	202.008	0 23146.3 1125.57 	24271.8	6.29353	6.55445	12462	670	0.0197382	0	1.02	1.02
44.1	0.00202098	0.00108813	19442.1	1050	105	18831.9	50.5179	50.5179	202.072	202.072	0 23145.6 1124.46 	24270	6.29338	6.55445	12462	670	0.0197198	0	1.02	1.02
44.2	0.002021	0.00108817	19443.1	1050	105	18832.8	50.534	50.534	202.136	202.136	0 23144.9 1123.36 	24268.2	6.29324	6.55445	12462	670	0.0197015	0	1.02	1.02
44.3	0.00202101	0.00108821	19444.1	1050	105	18833.6	50.5501	50.5501	202.2	202.2	0 23144.2 1122.26 	24266.5	6.2931	6.55445	12462	670	0.0196831	0	1.02	1.02
44.4	0.00202103	0.00108825	19445.1	1050	105	18834.4	50.5661	50.5661	202.265	202.265	0 23143.5 1121.16 	24264.7	6.29296	6.55445	12462	670	0.0196648	0	1.02	1.02
44.5	0.00202104	0.0010883	19446.1	1050	105	18835.3	50.5822	50.5822	202.329	202.329	0 23142.8 1120.06 	24262.9	6.29281	6.55445	12462	670	0.0196465	0	1.02	1.02
44.6	0.00202106	0.00108834	19447.1	1050	105	18836.1	50.5984	50.5984	202.393	202.393	0 23142.1 1118.96 	24261.1	6.29267	6.55445	12462	670	0.0196283	0	1.02	1.02
44.7	0.00202107	0.00108838	19448.1	1050	105	18837	50.6145	50.6145	202.458	202.458	0 23141.4 1117.86 	24259.3	6.29253	6.55445	12462	670	0.01961	0	1.02	1.02
44.8	0.00202109	0.00108842	19449.1	1050	105	18837.8	50.6306	50.6306	202.522	202.522	0 23140.7 1116.76 	24257.5	6.29239	6.55445	12462	670	0.0195918	0	1.02	1.02
44.9	0.0020211	0.00108846	19450.1	1050	105	18838.6	50.6468	50.6468	202.587	202.587	0 23140 1115.67 	24255.7	6.29225	6.55445	12462	670	0.0195736	0	1.02	1.02
45	0.00202112	0.0010885	19451.1	1050	105	18839.5	50.6629	50.6629	202.652	202.652	0 23139.3 1114.58 	24253.9	6.2921	6.55445	12462	670	0.0195554	0	1.02	1.02
45.1	0.00202113	0.00108854	19452.1	1050	105	18840.3	50.6791	50.6791	202.716	202.716	0 23138.7 1113.48 	24252.1	6.29196	6.55445	12462	670	0.0195373	0	1.02	1.02
45.2	0.00202115	0.00108858	19453.1	1050	105	18841.1	50.6953	50.6953	202.781	202.781	0 23138 1112.39 	24250.4	6.29182	6.55445	12462	670	0.0195191	0	1.02	1.02
45.3	0.00202116	0.00108862	19454.1	1050	105	18842	50.7115	50.7115	202.846	202.846	0 23137.3 1111.3 	24248.6	6.29168	6.55445	12462	670	0.019501	0	1.02	1.02
45.4	0.00202118	0.00108866	19455.1	1050	105	18842.8	50.7278	50.7278	202.911	202.911	0 23136.6 1110.21 	24246.8	6.29154	6.55445	12462	670	0.0194829	0	1.02	1.02
45.5	0.00202119	0.0010887	19456.1	1050	105	18843.6	50.744	50.744	202.976	202.976	0 23135.9 1109.13 	24245	6.2914	6.55445	12462	670	0.0194648	0	1.02	1.02
45.6	0.00202121	0.00108874	19457.1	1050	105	18844.5	50.7602	50.7602	203.041	203.041	0 23135.2 1108.04 	24243.2	6.29126	6.55445	12462	670	0.0194468	0	1.02	1.02
45.7	0.00202122	0.00108878	19458.1	1050	105	18845.3	50.7765	50.7765	203.106	203.106	0 23134.5 1106.96 	24241.5	6.29112	6.55445	12462	670	0.0194287	0	1.02	1.02
45.8	0.00202124	0.00108882	19459.1	1050	105	18846.1	50.7928	50.7928	203.171	203.171	0 23133.8 1105.87 	24239.7	6.29097	6.55445	12462	670	0.0194107	0	1.02	1.02
45.9	0.00202125	0.00108887	19460.1	1050	105	18847	50.8091	50.8091	203.236	203.236	0 23133.1 1104.79 	24237.9	6.29083	6.55445	12462	670	0.0193927	0	1.02	1.02
46	0.00202127	0.00108891	19461	1050	105	18847.8	50.8254	50.8254	203.302	203.302	0 23132.4 1103.71 	24236.2	6.29069	6.55445	12462	670	0.0193747	0	1.02	1.02
46.1	0.00202128	0.00108895	19462	1050	105	18848.6	50.8417	50.8417	203.367	203.367	0 23131.7 1102.63 	24234.4	6.29055	6.55445	12462	670	0.0193568	0	1.02	1.02
46.2	0.0020213	0.00108899	19463	1050	105	18849.5	50.858	50.858	203.432	203.432	0 23131.1 1101.56 	24232.6	6.29041	6.55445	12462	670	0.0193388	0	1.02	1.02
46.3	0.00202131	0.00108903	19464	1050	105	18850.3	50.8744	50.8744	203.498	203.498	0 23130.4 1100.48 	24230.8	6.29027	6.55445	12462	670	0.0193209	0	1.02	1.02
46.4	0.00202133	0.00108907	19465	1050	105	18851.1	50.8907	50.8907	203.563	203.563	0 23129.7 1099.4 	24229.1	6.29013	6.55445	12462	670	0.019303	0	1.02	1.02
46.5	0.00202134	0.00108911	19466	1050	105	18851.9	50.9071	50.9071	203.628	203.628	0 23129 1098.33 	24227.3	6.28999	6.55445	12462	670	0.0192852	0	1.02	1.02
46.6	0.00202136	0.00108915	19467	1050	105	18852.8	50.9235	50.9235	203.694	203.694	0 23128.3 1097.26 	24225.6	6.28985	6.55445	12462	670	0.0192673	0	1.02	1.02
46.7	0.00202137	0.00108919	19468	1050	105	18853.6	50.9399	50.9399	203.76	203.76	0 23127.6 1096.19 	24223.8	6.28971	6.55445	12462	670	0.0192495	0	1.02	1.02
46.8	0.00202139	0.00108923	19469	1050	105	18854.4	50.9563	50.9563	203.825	203.825	0 23126.9 1095.12 	24222	6.28957	6.55445	12462	670	0.0192317	0	1.02	1.02
46.9	0.0020214	0.00108927	19470	1050	105	18855.3	50.9728	50.9728	203.891	203.891	0 23126.2 1094.05 	24220.3	6.28943	6.55445	12462	670	0.0192139	0	1.02	1.02
47	0.00202142	0.00108931	19471	1050	105	18856.1	50.9892	50.9892	203.957	203.957	0 23125.5 1092.98 	24218.5	6.28929	6.55445	12462	670	0.0191961	0	1.02	1.02
47.1	0.00202143	0.00108935	19472	1050	105	18856.9	51.0057	51.0057	204.023	204.023	0 23124.8 1091.91 	24216.8	6.28915	6.55445	12462	670	0.0191783	0	1.02	1.02
47.2	0.00202145	0.00108939	19473	1050	105	18857.7	51.0221	51.0221	204.089	204.089	0 23124.2 1090.85 	24215	6.28901	6.55445	12462	670	0.0191606	0	1.02	1.02
47.3	0.00202146	0.00108943	19474	1050	105	18858.6	51.0386	51.0386	204.155	204.155	0 23123.5 1089.78 	24213.2	6.28887	6.55445	12462	670	0.0191429	0	1.02	1.02
47.4	0.00202148	0.00108947	19474.9	1050	105	18859.4	51.0551	51.0551	204.221	204.221	0 23122.8 1088.72 	24211.5	6.28874	6.55445	12462	670	0.0191252	0	1.02	1.02
47.5	0.00202149	0.00108951	19475.9	1050	105	18860.2	51.0716	51.0716	204.287	204.287	0 23122.1 1087.66 	24209.7	6.2886	6.55445	12462	670	0.0191075	0	1.02	1.02
47.6	0.00202151	0.00108955	19476.9	1050	105	18861	51.0882	51.0882	204.353	204.353	0 23121.4 1086.6 	24208	6.28846	6.55445	12462	670	0.0190899	0	1.02	1.02
47.7	0.00202152	0.0010896	19477.9	1050	105	18861.9	51.1047	51.1047	204.419	204.419	0 23120.7 1085.54 	24206.2	6.28832	6.55445	12462	670	0.0190723	0	1.02	1.02
47.8	0.00202154	0.00108964	19478.9	1050	105	18862.7	51.1213	51.1213	204.485	204.485	0 23120 1084.48 	24204.5	6.28818	6.55445	12462	670	0.0190547	0	1.02	1.02
47.9	0.00202155	0.00108968	19479.9	1050	105	18863.5	51.1378	51.1378	204.551	204.551	0 23119.3 1083.43 	24202.8	6.28804	6.55445	12462	670	0.0190371	0	1.02	1.02
48	0.00202157	0.00108972	19480.9	1050	105	18864.3	51.1544	51.1544	204.618	204.618	0 23118.6 1082.37 	24201	6.2879	6.55445	12462	670	0.0190195	0	1.02	1.02
48.1	0.00202158	0.00108976	19481.9	1050	105	18865.2	51.171	51.171	204.684	204.684	0 23118 1081.32 	24199.3	6.28776	6.55445	12462	670	0.019002	0	1.02	1.02
48.2	0.0020216	0.0010898	19482.9	1050	105	18866	51.1876	51.1876	204.751	204.751	0 23117.3 1080.27 	24197.5	6.28763	6.55445	12462	670	0.0189844	0	1.02	1.02
48.3	0.00202161	0.00108984	19483.9	1050	105	18866.8	51.2043	51.2043	204.817	204.817	0 23116.6 1079.22 	24195.8	6.28749	6.55445	12462	670	0.0189669	0	1.02	1.02
48.4	0.00202163	0.00108988	19484.8	1050	105	18867.6	51.2209	51.2209	204.884	204.884	0 23115.9 1078.17 	24194.1	6.28735	6.55445	12462	670	0.0189494	0	1.02	1.02
48.5	0.00202164	0.00108992	19485.8	1050	105	18868.5	51.2376	51.2376	204.95	204.95	0 23115.2 1077.12 	24192.3	6.28721	6.55445	12462	670	0.018932	0	1.02	1.02
48.6	0.00202166	0.00108996	19486.8	1050	105	18869.3	51.2542	51.2542	205.017	205.017	0 23114.5 1076.07 	24190.6	6.28707	6.55445	12462	670	0.0189145	0	1.02	1.02
48.7	0.00202167	0.00109	19487.8	1050	105	18870.1	51.2709	51.2709	205.084	205.084	0 23113.8 1075.03 	24188.8	6.28694	6.55445	12462	670	0.0188971	0	1.02	1.02
48.8	0.00202169	0.00109004	19488.8	1050	105	18870.9	51.2876	51.2876	205.15	205.15	0 23113.1 1073.98 	24187.1	6.2868	6.55445	12462	670	0.0188797	0	1.02	1.02
48.9	0.0020217	0.00109008	19489.8	1050	105	18871.7	51.3043	51.3043	205.217	205.217	0 23112.4 1072.94 	24185.4	6.28666	6.55445	12462	670	0.0188623	0	1.02	1.02
49	0.00202171	0.00109012	19490.8	1050	105	18872.6	51.3211	51.3211	205.284	205.284	0 23111.8 1071.9 	24183.6	6.28652	6.55445	12462	670	0.0188449	0	1.02	1.02
49.1	0.00202173	0.00109016	19491.8	1050	105	18873.4	51.3378	51.3378	205.351	205.351	0 23111.1 1070.85 	24181.9	6.28639	6.55445	12462	670	0.0188276	0	1.02	1.02
49.2	0.00202174	0.0010902	19492.8	1050	105	18874.2	51.3546	51.3546	205.418	205.418	0 23110.4 1069.82 	24180.2	6.28625	6.55445	12462	670	0.0188103	0	1.02	1.02
49.3	0.00202176	0.00109024	19493.7	1050	105	18875	51.3713	51.3713	205.485	205.485	0 23109.7 1068.78 	24178.5	6.28611	6.55445	12462	670	0.018793	0	1.02	1.02
49.4	0.00202177	0.00109028	19494.7	1050	105	18875.8	51.3881	51.3881	205.552	205.552	0 23109 1067.74 	24176.7	6.28598	6.55445	12462	670	0.0187757	0	1.02	1.02
49.5	0.00202179	0.00109032	19495.7	1050	105	18876.7	51.4049	51.4049	205.62	205.62	0 23108.3 1066.7 	24175	6.28584	6.55445	12462	670	0.0187584	0	1.02	1.02
49.6	0.0020218	0.00109036	19496.7	1050	105	18877.5	51.4217	51.4217	205.687	205.687	0 23107.6 1065.67 	24173.3	6.2857	6.55445	12462	670	0.0187412	0	1.02	1.02
49.7	0.00202182	0.0010904	19497.7	1050	105	18878.3	51.4385	51.4385	205.754	205.754	0 23106.9 1064.64 	24171.6	6.28557	6.55445	12462	670	0.018724	0	1.02	1.02
49.8	0.00202183	0.00109044	19498.7	1050	105	18879.1	51.4554	51.4554	205.821	205.821	0 23106.3 1063.6 	24169.9	6.28543	6.55445	12462	670	0.0187067	0	1.02	1.02
49.9	0.00202185	0.00109048	19499.7	1050	105	18879.9	51.4722	51.4722	205.889	205.889	0 23105.6 1062.57 	24168.1	6.28529	6.55445	12462	670	0.0186896	0	1.02	1.02
50	0.00202186	0.00109052	19500.6	1050	105	18880.7	51.4891	51.4891	205.956	205.956	0 23104.9 1061.54 	24166.4	6.28516	6.55445	12462	670	0.0186724	0	1.02	1.02
50.1	0.00202188	0.00109056	19501.6	1050	105	18881.6	51.506	51.506	206.024	206.024	0 23104.2 1060.52 	24164.7	6.28502	6.55445	12462	670	0.0186553	0	1.02	1.02
50.2	0.00202189	0.00109061	19502.6	1050	105	18882.4	51.5229	51.5229	206.091	206.091	0 23103.5 1059.49 	24163	6.28488	6.55445	12462	670	0.0186381	0	1.02	1.02
50.3	0.00202191	0.00109065	19503.6	1050	105	18883.2	51.5398	51.5398	206.159	206.159	0 23102.8 1058.46 	24161.3	6.28475	6.55445	12462	670	0.018621	0	1.02	1.02
50.4	0.00202192	0.00109069	19504.6	1050	105	18884	51.5567	51.5567	206.227	206.227	0 23102.1 1057.44 	24159.6	6.28461	6.55445	12462	670	0.0186039	0	1.02	1.02
50.5	0.00202193	0.00109073	19505.6	1050	105	18884.8	51.5736	51.5736	206.295	206.295	0 23101.4 1056.41 	24157.9	6.28448	6.55445	12462	670	0.0185869	0	1.02	1.02
50.6	0.00202195	0.00109077	19506.5	1050	105	18885.6	51.5906	51.5906	206.362	206.362	0 23100.8 1055.39 	24156.1	6.28434	6.55445	12462	670	0.0185698	0	1.02	1.02
50.7	0.00202196	0.00109081	19507.5	1050	105	18886.5	51.6075	51.6075	206.43	206.43	0 23100.1 1054.37 	24154.4	6.28421	6.55445	12462	670	0.0185528	0	1.02	1.02
50.8	0.00202198	0.00109085	19508.5	1050	105	18887.3	51.6245	51.6245	206.498	206.498	0 23099.4 1053.35 	24152.7	6.28407	6.55445	12462	670	0.0185358	0	1.02	1.02
50.9	0.00202199	0.00109089	19509.5	1050	105	18888.1	51.6415	51.6415	206.566	206.566	0 23098.7 1052.33 	24151	6.28393	6.55445	12462	670	0.0185188	0	1.02	1.02
51	0.00202201	0.00109093	19510.5	1050	105	18888.9	51.6585	51.6585	206.634	206.634	0 23098 1051.32 	24149.3	6.2838	6.55445	12462	670	0.0185018	0	1.02	1.02
51.1	0.00202202	0.00109097	19511.5	1050	105	18889.7	51.6755	51.6755	206.702	206.702	0 23097.3 1050.3 	24147.6	6.28366	6.55445	12462	670	0.0184849	0	1.02	1.02
51.2	0.00202204	0.00109101	19512.4	1050	105	18890.5	51.6926	51.6926	206.77	206.77	0 23096.6 1049.29 	24145.9	6.28353	6.55445	12462	670	0.018468	0	1.02	1.02
51.3	0.00202205	0.00109105	19513.4	1050	105	18891.3	51.7096	51.7096	206.839	206.839	0 23096 1048.27 	24144.2	6.28339	6.55445	12462	670	0.0184511	0	1.02	1.02
51.4	0.00202206	0.00109109	19514.4	1050	105	18892.1	51.7267	51.7267	206.907	206.907	0 23095.3 1047.26 	24142.5	6.28326	6.55445	12462	670	0.0184342	0	1.02	1.02
51.5	0.00202208	0.00109113	19515.4	1050	105	18892.9	51.7438	51.7438	206.975	206.975	0 23094.6 1046.25 	24140.8	6.28312	6.55445	12462	670	0.0184173	0	1.02	1.02
51.6	0.00202209	0.00109117	19516.4	1050	105	18893.8	51.7609	51.7609	207.043	207.043	0 23093.9 1045.24 	24139.1	6.28299	6.55445	12462	670	0.0184005	0	1.02	1.02
51.7	0.00202211	0.00109121	19517.3	1050	105	18894.6	51.778	51.778	207.112	207.112	0 23093.2 1044.23 	24137.4	6.28286	6.55445	12462	670	0.0183836	0	1.02	1.02
51.8	0.00202212	0.00109125	19518.3	1050	105	18895.4	51.7951	51.7951	207.18	207.18	0 23092.5 1043.23 	24135.8	6.28272	6.55445	12462	670	0.0183668	0	1.02	1.02
51.9	0.00202214	0.00109129	19519.3	1050	105	18896.2	51.8122	51.8122	207.249	207.249	0 23091.8 1042.22 	24134.1	6.28259	6.55445	12462	670	0.01835	0	1.02	1.02
52	0.00202215	0.00109133	19520.3	1050	105	18897	51.8294	51.8294	207.317	207.317	0 23091.2 1041.21 	24132.4	6.28245	6.55445	12462	670	0.0183333	0	1.02	1.02
52.1	0.00202217	0.00109137	19521.3	1050	105	18897.8	51.8465	51.8465	207.386	207.386	0 23090.5 1040.21 	24130.7	6.28232	6.55445	12462	670	0.0183165	0	1.02	1.02
