0.0013992742819520572	0.00012005731981644589	798.0	231.0	1.0	1.0
0.0013990258247433395	0.0001200609972670777	797.8676426877886	230.98706687920367	0.9973500414608295	1.0
0.0013990473962101483	0.000120011715624693	797.5172752107964	230.90429107448978	0.9977737408430097	1.0
0.001399065567060301	0.0001199887132077314	797.3458663465701	230.87935551476497	0.9979945075401124	1.0
0.0013990838235550483	0.00011995018377356539	797.0718410509292	230.81574054662798	0.9983463899776109	1.0
0.00139909447446149	0.00011993467458004373	796.9553116041402	230.79873385143034	0.9984924268687774	1.0
0.0013991084564292909	0.00011990445882573357	796.7393805861467	230.7496378287962	0.9987679722231703	1.0
0.0013991137442830501	0.00011989432358073863	796.662291282848	230.73825904027353	0.9988604113049507	1.0
0.0013991244240174879	0.00011987037469305214	796.4901368410191	230.7000653815184	0.9990781956446347	1.0
0.001399125921819712	0.00011986406545316149	796.441191071873	230.69265066258697	0.9991325001487985	1.0
0.0013991340367488499	0.00011984486331561528	796.3021975875938	230.6626664378527	0.9993063791817952	1.0
0.001399132889104849	0.00011984125181001618	796.273146492317	230.6580160728358	0.9993338332468713	1.0
0.0013991390004317067	0.00011982566544596356	796.1594284916234	230.63423400443398	0.9994741560389085	1.0
0.0013991360378072186	0.000119823931511246	796.1442643637565	230.63148593910222	0.9994829678719911	1.0
0.0013991405742910664	0.00011981111764688543	796.0499510706868	230.6124079598869	0.999597479206267	1.0
0.0013991363969912743	0.00011981066714535741	796.0443130705391	230.61094542474189	0.9995935966119988	1.0
0.001399139687655349	0.00011979999537788736	795.9650215541365	230.59545183867488	0.9996881069123905	1.0
0.0013991347275505443	0.00011980039981089476	795.9657578523943	230.59483592415828	0.9996758193277446	1.0
0.0013991370261383323	0.00011979139738371688	795.8982049241056	230.58208835660022	0.9997547015486664	1.0
0.0013991315920225513	0.0001197923494752352	795.9030501503901	230.58200884673573	0.9997370839262075	1.0
0.0013991330953045528	0.0001197846605083513	795.8447663823514	230.57137823685716	0.9998036418925337	1.0
0.0013991274062119322	0.00011978594154721535	795.8521040846834	230.57161779588327	0.9997828816087456	1.0
0.0013991282677075533	0.00011977929692766539	795.8012230097862	230.56263095179992	0.999839622992582	1.0
0.001399122477367234	0.0001197807527680465	795.809910796582	230.563039069916	0.9998172603437369	1.0
0.001399122817646292	0.0001197749479033888	795.7650134679344	230.5553389863452	0.9998660989699382	1.0
0.0013991170324169316	0.00011977647134024856	795.7742543686642	230.55581305265983	0.9998432038971141	1.0
0.0013991169468475107	0.00011977134971306142	795.7342546878696	230.54912943431995	0.999885609713075	1.0
0.0013991112388552194	0.00011977286755065708	795.7435025895534	230.54960101050548	0.9998629115075097	1.0
0.0013991108034431307	0.00011976830855356121	795.707562662004	230.54372836540898	0.9999000218122409	1.0
0.0013991052201923328	0.00011976977212790408	795.7164528642713	230.54415325068823	0.9998780041797051	1.0
0.001399104495992819	0.00011976568205774161	795.6839204723261	230.53893459965644	0.9999107061828921	1.0
0.0013990990673850149	0.00011976706030012825	795.6922187531795	230.5392856567101	0.999889676806957	1.0
0.0013990981038448736	0.00011976336568421453	795.6625811234919	230.534600410833	0.9999186689713228	1.0
0.0013990928472937952	0.0001197646400533254	795.670146441063	230.53486239979668	0.9998988103188426	1.0
0.001399091684791077	0.00011976128269769583	795.6429960178849	230.5306173320373	0.9999246480000068	1.0
0.001399086608941103	0.00011976244348491167	795.6497532523124	230.5307832030022	0.999906054340918	1.0
0.0013990852807217796	0.00011975937679452192	795.6247623192987	230.526905717642	0.9999291838022806	1.0
0.001399080388142595	0.00011976042043766505	795.630682402464	230.52697396077525	0.9999118881073211	1.0
0.0013990789218031984	0.00011975760667654246	795.607584228182	230.52340707007755	0.9999326719249552	1.0
0.0013990742109350625	0.0001197585338134758	795.61266970543	230.52337983124607	0.9999166653397468	1.0
0.0013990726295627408	0.00011975594205987113	795.5912445008502	230.52007840114922	0.9999354014262196	1.0
0.001399068096114016	0.00011975675612429883	795.5955190826809	230.51996015040558	0.9999206473074721	1.0
0.0013990664191674623	0.00011975436074010172	795.5755835103755	230.51688809009104	0.9999375832024067	1.0
0.0013990620571125297	0.00011975506695416359	795.5790845512797	230.51668468842294	0.9999240271770005	1.0
0.0013990603011064012	0.00011975284643519743	795.560483858373	230.513812842392	0.9999393708231562	1.0
0.0013990561033926888	0.00011975345109194471	795.5632569797946	230.51353089449438	0.9999269479441031	1.0
0.0013990542824325117	0.00011975138720068898	795.5458590713605	230.51083545793506	0.9999408758498594	1.0
0.0013990502414763138	0.0001197518971578822	795.5479543521628	230.51048186963905	0.9999295156375596	1.0
0.0013990483676792724	0.00011974997426592653	795.5316453018211	230.50794319395897	0.9999421790929554	1.0
0.001399044475708728	0.00011975039659347358	795.5331146119156	230.50752487543807	0.9999318090405437	1.0
0.0013990425595370008	0.00011974860118000742	795.517795238873	230.5051265650323	0.9999433388803395	1.0
0.0013990388088249116	0.00011974894291872947	795.5186904039648	230.50465023727446	0.9999338868475403	1.0
0.0013990368593517057	0.00011974726318538824	795.504273643303	230.50237846397548	0.9999443971269503	1.0
0.0013990332423693332	0.00011974753118610959	795.5046452114833	230.50185053789116	0.9999357929327781	1.0
0.001399031267492887	0.00011974595675882776	795.4910540761973	230.4996935183776	0.9999453837871378	1.0
0.0013990277770074416	0.00011974615757910448	795.4909505181771	230.49912002454607	0.9999375602287395	1.0
0.0013990257836245723	0.00011974467927525704	795.478116504291	230.49706761997805	0.9999463201181188	1.0
0.0013990224127568855	0.00011974481911717416	795.4775837240093	230.49645417328318	0.9999392135813346	1.0
0.0013990204069049233	0.0001197434287619085	795.4654455489318	230.49449758080746	0.9999472210698337	1.0
0.0013990171491592661	0.00011974351343886595	795.4645266143913	230.49384936873298	0.9999407718520922	1.0
0.0013990151361331132	0.00011974220371868292	795.4530292072624	230.49198088223082	0.999948097033051	1.0
0.0013990119854078013	0.00011974223864239081	795.45176423584	230.49130266885257	0.9999422494662364	1.0
0.001399009969857287	0.00011974100298709507	795.4408579196554	230.48951549202656	0.9999489551163943	1.0
0.0013990069204422907	0.0001197409931684135	795.4392840700216	230.48881163208284	0.9999436575530302	1.0
0.001399004906453822	0.00011973982565481917	795.4289238908199	230.48709973125523	0.9999498000778749	1.0
0.0013990019530198208	0.00011973977571385476	795.4270754268209	230.48637419037232	0.9999450047861704	1.0
0.0013989999441853986	0.00011973867098630407	795.4172205966071	230.48473217753246	0.9999506350029126	1.0
0.0013989970817674601	0.00011973858516846449	795.4151289980875	230.48398855587982	0.9999462980036213	1.0
0.001398995081243469	0.00011973753837245778	795.4057424266158	230.48241159489314	0.9999514617969899	1.0
0.0013989923052215583	0.00011973742056811975	795.4034365292755	230.48165315241405	0.9999475426649523	1.0
0.001398990315779201	0.00011973642729426726	795.3944844259756	230.48013688305352	0.9999522815422821	1.0
0.0013989876218570992	0.00011973628106039733	795.3919905775272	230.4793665650243	0.9999487431894141	1.0
0.0013989856459259516	0.00011973533729658758	795.3834421094818	230.47790704081302	0.9999530947551907	1.0
0.001398983030109637	0.00011973516587915863	795.3807843331518	230.47712750291083	0.9999499032060741	1.0
0.001398981069815494	0.0001197342679693375	795.3726113283888	230.47572113973436	0.99995390157139	1.0
0.0013989785283917062	0.00011973407432574863	795.3698114875725	230.47493477210776	0.9999510257392781	1.0
0.0013989765855896483	0.00011973321893408497	795.3619881754922	230.473578305295	0.9999547018780088	1.0
0.0013989741151051124	0.00011973300575505201	795.3590661353678	230.4727872553277	0.9999521133465523	1.0
0.0013989721914085377	0.00011973218983453924	795.3515689179469	230.47147770344708	0.9999554954074934	1.0
0.0013989697886501377	0.00011973195956511245	795.3485427012786	230.47068389706158	0.9999531682214307	1.0
0.0013989678854563691	0.00011973118032987195	795.341349950142	230.46941853108942	0.9999562818036172	1.0
0.0013989655474324326	0.0001197309351893733	795.3382358855717	230.46862369252574	0.9999541922703775	1.0
0.0013989636659453902	0.00011973019009007829	795.3313277610212	230.46740000935782	0.9999570606672589	1.0
0.0013989613898681805	0.00011972993209084124	795.3281406228394	230.46660567943303	0.9999551871707186	1.0
0.0013989595311185263	0.00011972921879280013	795.3214989117411	230.46542137893658	0.9999578315877502	1.0
0.0013989573143879555	0.00011972894975766688	795.3182520506971	230.46462893182996	0.999956154414421	1.0
0.0013989554792510426	0.00011972826612119817	795.3118600207317	230.46348189681956	0.9999585941637567	1.0
0.0013989533194395957	0.00011972798769976747	795.3085654857439	230.46269255545002	0.9999570953414998	1.0
0.001398951508651506	0.00011972733176256459	795.3024077539644	230.4615808340963	0.999959348016715	1.0
0.0013989494034903297	0.00011972704544622105	795.2990764048951	230.4607956841792	0.9999580111655911	1.0
0.001398947617662236	0.00011972641540745798	795.2931388188891	230.4597174744631	0.9999600927990706	1.0
0.0013989455650283453	0.00011972612254322914	795.2897804306762	230.45893747733868	0.9999589029939184	1.0
0.0013989438046593927	0.00011972551674920318	795.2840499609146	230.45789111324464	0.9999608281987508	1.0
0.0013989418025639156	0.00011972521855250314	795.2806733194546	230.4571171175649	0.9999597718427755	1.0
0.0013989400680528004	0.00011972463548363904	795.2751379616157	230.45610105676369	0.9999615539411361	1.0
0.001398938114630207	0.0001197243330499652	795.2717509518662	230.45533380913346	0.9999606186499591	1.0
0.001398936406285594	0.00011972377130903444	795.2663996380954	230.45434662195217	0.9999622697893007	1.0
0.0013989344997838262	0.00011972346562468664	795.2630093248878	230.45358677660965	0.999961444284662	1.0
0.0013989328178337342	0.0001197229239261136	795.2578318430957	230.45262713612198	0.9999629755430609	1.0
0.001398930956605175	0.00011972261587800402	795.2544445451512	230.4518752637384	0.9999622495555502	1.0
0.0013989293012054377	0.00011972209303814856	795.2494314655523	230.45094193683624	0.9999636710373048	1.0
0.001398927483698652	0.0001197217834227722	795.2460528232086	230.4501985325176	0.9999630352174511	1.0
0.0013989258549405568	0.00011972127835109307	795.2411954314236	230.44929037185074	0.9999643561399452	1.0
0.0013989240796927352	0.00011972096788272134	795.2378304685283	230.44855586240575	0.9999638019768686	1.0
0.001398922477609921	0.00011972047957373332	795.233120704613	230.4476717990865	0.9999650307495247	1.0
0.0013989207432399773	0.00011972016889189525	795.229773885064	230.44694654963106	0.9999645504967848	1.0
0.0013989191678146621	0.00011971969641784642	795.2252042879296	230.44608558662398	0.9999656947928254	1.0
0.0013989174730169207	0.00011971938609415426	795.2218795672762	230.4453699065798	0.9999652814006453	1.0
0.0013989159241855347	0.00011971892859835554	795.2174432240072	230.44453111270303	0.9999663482224228	1.0
0.0013989142677239609	0.00011971861914272995	795.2141440965263	230.44382526124593	0.9999659952758927	1.0
0.0013989127453822386	0.00011971817583347496	795.2098345961414	230.44300776571836	0.9999669910143731	1.0
0.0013989111260851637	0.00011971786769982118	795.2065641377682	230.44231195672845	0.9999666926770587	1.0
0.0013989096300927443	0.00011971743784484514	795.2023755290362	230.44151494421243	0.9999676231659104	1.0
0.001398908046848041	0.00011971713143622568	795.199136436494	230.440829350766	0.9999673741284194	1.0
0.001398906577032634	0.00011971671435765216	795.195063189438	230.44005205685338	0.9999682446933544	1.0
0.001398905028783308	0.00011971641003099954	795.1918578158885	230.4393768153052	0.9999680401264885	1.0
0.0013989035849444559	0.00011971600510073199	795.1878947866487	230.43861852240437	0.99996885563014	1.0
0.0013989020706846088	0.00011971570317114249	795.1847251741741	230.4379537360918	0.9999686911421406	1.0
0.0013989006525970903	0.00011971530980666123	795.1808675729362	230.43721376968	0.9999694560249678	1.0
0.0013988991713682264	0.00011971501055130552	795.1777354821168	230.43655951228882	0.999969327622529	1.0
0.0013988977787851324	0.00011971462821183222	795.1739788438282	230.4358372374909	0.9999700459400898	1.0
0.0013988963296727823	0.00011971433187351586	795.1708857806756	230.435193556108	0.9999699499929258	1.0
0.001398894962328301	0.00011971396005651435	795.1672259383075	230.43448837457794	0.9999706254498612	1.0
0.0013988935444589192	0.00011971366684691982	795.164173178775	230.43385529246382	0.9999705586582267	1.0
0.0013988922020708443	0.00011971330508490336	795.1606062389109	230.4331666395342	0.9999711946391796	1.0
0.001398890814608982	0.00011971301518754095	795.1575948512062	230.43254415863936	0.9999711540045094	1.0
0.0013988894968809844	0.00011971266304515758	795.1541171717431	230.43187150071853	0.9999717536023247	1.0
0.001398888139026684	0.00011971237661805133	795.1511480366235	230.43125960396657	0.9999717364002588	1.0
0.0013988868456503633	0.00011971203368942372	795.1477562064052	230.43060243616173	0.9999723024417312	1.0
0.0013988855166367788	0.00011971175086755598	795.144830035648	230.4300010895199	0.9999723061976626	1.0
0.0013988842472935068	0.00011971141677385327	795.14152085586	230.4293589334624	0.9999728412669014	1.0
0.0013988829463847175	0.00011971113767138837	795.1386382090558	230.4287680878206	0.9999728637336666	1.0
0.0013988817007473116	0.00011971081205860855	795.1354086762265	230.42814048967855	0.9999733701934883	1.0
0.001398880427236316	0.0001197105367709161	795.132569976049	230.42756008255364	0.9999734093310351	1.0
0.001398879204970539	0.00011971021930786224	795.1294172665237	230.4269466112128	0.9999738893424276	1.0
0.0013988779581774098	0.00011970994791335743	795.1266228126133	230.42637656829126	0.9999739432992507	1.0
0.001398876758943325	0.00011970963828978838	795.1235442683543	230.42577681369198	0.9999743988391014	1.0
0.00139887553821352	0.00011970937085160583	795.1207942499395	230.42521705023114	0.9999744659354064	1.0
0.0013988743616667057	0.00011970906877654792	795.1177873655565	230.42463062184407	0.9999748988126633	1.0
0.0013988731663695092	0.00011970880534406361	795.1150818729191	230.4240810439393	0.9999749775249652	1.0
0.0013988720121621563	0.0001197085105442681	795.112144283806	230.42350756937054	0.9999753893953865	1.0
0.0014103166991227393	0.00011408717076592936	798.8410207437612	231.19234071718537	1.095676027239885	1.0475812909820204
0.0014185722625382983	0.00011124186913932828	816.2223528428427	234.68477343147381	1.1642796230660761	1.0906346234610091
0.0014250016874925592	0.00010965085198277602	838.3518263639949	239.14642267123435	1.2171972823837238	1.1295908896591411
0.0014297282744577754	0.00010972567730210807	870.665996004497	245.53332344219862	1.247078876786834	1.1648399769821802
0.0014335478875164747	0.00011034726298154152	904.9319687686219	252.29267380138012	1.2667884970144963	1.1967346701436834
0.0014364075640807916	0.00011195568855738295	946.0158041141166	260.22291106805795	1.270980906230247	1.2255941819529867
0.0014388420567369125	0.00011367462480918274	986.4441836709141	267.9958120870927	1.271136990913254	1.2517073481042953
0.0014407211258833992	0.00011595967489839248	1030.9494774190034	276.36720714286116	1.262207291712782	1.2753355179413892
0.0014424286584901198	0.0001181155500212795	1073.0018604021477	284.24901838221274	1.2532009247451095	1.2967151701297004
0.0014438008620088981	0.00012059753973067846	1117.3127256702737	292.37888949346376	1.2390955862528057	1.3160602794142788
0.0014451311085203827	0.0001228385071859499	1158.1993927708681	299.8660616466609	1.22680977781931	1.3335644581509603
0.00144624713039471	0.00012527465597584865	1200.2660839385005	307.41199733623165	1.2116012831912597	1.349402894043899
0.001447385890662055	0.0001274289120522854	1238.5131683393492	314.27464831388585	1.1989057043210285	1.3637341034829937
0.0014483791284224978	0.00012970759554457645	1277.342107282438	321.1028058020097	1.184435164880495	1.3767015180291968
0.001449426259449381	0.00013169964010135006	1312.302431185064	327.26715984183375	1.1725900925248287	1.388434919925785
0.0014503683216725454	0.00013377772165393275	1347.535044063989	333.3568541324985	1.159579091387997	1.3990517410026724
0.001451377885542744	0.0001355817663246303	1379.0433172485107	338.8308180706163	1.1490554966392394	1.4086582379736328
0.0014523070705212758	0.00013745092601193196	1410.6822632492922	344.21831638638656	1.1376965759182012	1.4173505558892068
0.0014533080348399494	0.00013906629910054354	1438.8411104199656	349.04949341925175	1.1285939637067548	1.4252156903886823
0.0014542441873216234	0.00014073538258741597	1467.084108313169	353.79701840945506	1.1188410958891215	1.4323323583816936
0.0014552514068393882	0.00014217360940705766	1492.135785632943	358.04985458251724	1.111091958644041	1.438771785873509
0.001456203937984644	0.00014365933442678116	1517.2764558382223	362.2288594615604	1.1028003067925147	1.4445984208188332
0.001457224203931609	0.00014493728116806681	1539.5265791372046	365.9723839931702	1.0962692847672395	1.449870578138598
0.0014581965835293385	0.0001462593016118972	1561.8956884443965	369.6546835615304	1.089261868936605	1.4546410233552938
0.0014592320762116077	0.00014739551291989062	1581.668303632321	372.9560781725264	1.0837935754826242	1.4589575006880506
0.0014602244287788176	0.00014857380406236976	1601.5995006770122	376.20932348952437	1.0778924915915622	1.462863210892833
0.0014612747427116609	0.00014958656709806108	1619.2112641618749	379.13073343340153	1.0733340862153953	1.4663972436301251
0.0014622853803638914	0.0001506400796356951	1637.0218475122056	382.0163139994366	1.0683743624392688	1.469594968687391
0.0014633487320105318	0.00015154644504843025	1652.7679873865106	384.61347885996867	1.064585544530313	1.4724883899717964
0.0014643750685314645	0.00015249246696638822	1668.7489640096387	387.18578596473526	1.0604204346806125	1.475106465816068
0.001465449019973952	0.00015330780882410843	1682.8965180425355	389.5076893716341	1.0572771324358494	1.4774753988032212
0.0014664881142379298	0.00015416172537586993	1697.3083782570845	391.8141323525516	1.0537792130725654	1.4796188980108167
0.001467570003092326	0.00015489960511610505	1710.093877210663	393.9032086718456	1.0511741425621937	1.48155841629938
0.001468618876179779	0.00015567488050282624	1723.1658202199083	395.98463013600525	1.0482344216112796	1.483313365019837
0.0014697060645785826	0.0001563470790969465	1734.7956112135944	397.8772573284589	1.0460761524309259	1.4849013082888407
0.0014707618773798347	0.0001570553570575865	1746.7267719646277	399.76853932042474	1.0436023190033603	1.4863381387763537
0.001471851888890145	0.0001576719954624412	1757.3788265525468	401.4956585005062	1.0418136988172955	1.4876382367648304
0.0014729120336876293	0.00015832325820330914	1768.340578441261	403.22639780444337	1.0397280922244918	1.4888146140719172
0.0014740026210752098	0.0001588929587911546	1778.1670508997954	404.81416658821354	1.038244472923476	1.4898790442770977
0.0014750647606026747	0.00015949570864125416	1788.305800386453	406.40934935234725	1.0364820606753222	1.490842180555633
0.001476153931513386	0.00016002576984563602	1797.4358773857991	407.87977653212306	1.035249550710722	1.4917136622991194
0.0014772160066467176	0.00016058721309398946	1806.8759907909468	409.36041411119743	1.033756052650173	1.4925022115897615
0.0014783020243740476	0.00016108378141916564	1815.4187546362423	410.73194792822994	1.0327299024983354	1.4932157204938996
0.0014793622438307944	0.00016161000299032646	1824.2654042951872	412.1156551728552	1.0314601171132312	1.4938613300484658
0.0014804436140425322	0.00016207823383504076	1832.3125501143406	413.4037125054194	1.0306032813338253	1.494445501730879
0.0014815004345028024	0.00016257435707842585	1840.6543624407068	414.70522137272826	1.0295196276779275	1.4949740821276836
0.0014825758847568109	0.00016301856028485927	1848.2826858826056	415.9226541457783	1.0288015132225476	1.4954523614491522
0.0014836279866275582	0.0001634888895489823	1856.1941347836653	417.15426233015256	1.0278727802872663	1.4958851264754902
0.0014846964428985277	0.00016391265826829857	1863.4677548883778	418.31176263298977	1.027268173392034	1.4962767084645379
0.0014857427048895076	0.00016436080393214075	1871.0112818675466	419.4837207141231	1.0264684587190516	1.496631026500457
0.001486803267646717	0.00016476712695883062	1877.9835931923135	420.5901689056479	1.0259566145786372	1.4969516267172422
0.001487842742008665	0.00016519611371871486	1885.211458150964	421.7110114256378	1.0252644301463123	1.4972417177896198
0.001488894663305694	0.00016558747230370477	1891.9268233715934	422.77377282114776	1.024828306514173	1.4975042030465449
0.0014899265527426966	0.00016599983209478046	1898.8827028613425	423.8505994638706	1.024225829529397	1.4977417095286938
0.001490969215094571	0.00016637828266816861	1905.3779062446774	424.87577561592354	1.0238514450823697	1.4979566142807679
0.0014919928518364407	0.0001667761338457979	1912.0982622870647	425.9144887393016	1.023323892609557	1.4981510681417585
0.0014930257492312246	0.00016714337823486706	1918.403748559171	426.90712922108924	1.022999792015069	1.4983270172712644
0.0014940405764287067	0.00016752849268772304	1924.9189935302456	427.9126336844541	1.0225349004407822	1.4984862226273121
0.0014950632975595317	0.0001678859374138578	1931.0599176894655	428.876913894318	1.0222517098124648	1.4986302775906157
0.0014960688529736996	0.00016825979721331422	1937.3954007454993	429.8532846168448	1.0218393024623231	1.4987606239116669
0.0014970810666243561	0.00016860860336209436	1943.392513568991	430.7926545950865	1.0215893608535143	1.498878566140257
0.0014980769684744097	0.0001689724484255886	1949.5693527014482	431.74327669304625	1.02122098937086	1.4989852846818523
0.0014990784109081248	0.00016931357345118474	1955.4397448980776	432.66058536739604	1.0209980439050241	1.4990818476114856
0.0015000643456879804	0.00016966844154414577	1961.475526615796	433.5882711170976	1.0206666911282798	1.4991692213634131
0.0015010548098491317	0.00017000267421896228	1967.2332523144648	434.4858698242769	1.0204656451806207	1.4992482804035112
0.0015020305219024	0.00017034943446070196	1973.1426185751357	435.3929561233737	1.0201654791592705	1.499319815981226
0.0015030098482279983	0.0001706774240298589	1978.7992164310028	436.2727847204546	1.0199821846329102	1.4993845440486633
0.0015039751308699833	0.0001710168049151176	1984.5943560351793	437.16121419333655	1.0197083550837736	1.4994431124260776
0.0015049431995107687	0.00017133908537177379	1990.1592838793915	438.0248725884527	1.0195394412506262	1.4994961072854758
0.0015058978874965023	0.0001716716981775006	1995.850343243092	438.8962610104547	1.0192879111849606	1.4995440590172229
0.0015068546117595766	0.0001719887084437477	2001.331340001153	439.745068513165	1.0191306437922714	1.499587447538367
0.0015077985749131766	0.0001723150667629925	2006.9267661141582	440.600760815086	1.0188980502584246	1.4996267070958118
0.0015087438957545754	0.00017262716744397694	2012.3301527258593	441.435805332182	1.0187502156495007	1.4996622306124028
0.0015096770335940365	0.00017294770347620842	2017.8369792147635	442.2769220888521	1.0185337545602904	1.4996943736194355
0.0015106109150079816	0.00017325519075248055	2023.1679085225328	443.0991008684344	1.0183935644451183	1.499723457814926
0.001511533152218787	0.00017357026888180236	2028.5919940771244	443.92657686835634	1.01819089531755	1.4997497742832795
0.0015124555773886657	0.00017387338601603186	2033.854658107849	444.73663021902615	1.0180569085728228	1.4997735864085566
0.001513366860018207	0.00017418331412458397	2039.2008850878713	445.5512464511967	1.0178660757250686	1.49979513251051
0.0015142778281117934	0.00017448226098254582	2044.398686821967	446.349785628863	1.0177371342260542	1.4998146282297704
0.0015151781203737794	0.00017478729987450953	2049.671126621861	447.15219580212437	1.0175565015730954	1.4998322686860488
0.0015160776438812925	0.00017508224079532404	2054.806822203925	447.9397260590775	1.017431677579044	1.4998482304309606
0.0015169669254749003	0.0001753826120459531	2060.008872895402	448.73047858349014	1.0172598746637302	1.499862673215014
0.0015178550280028997	0.00017567368234157096	2065.084689271545	449.50741820793377	1.0171384277093922	1.499875741586446
0.0015187332918652585	0.00017596957483411693	2070.219190145995	450.28697441163615	1.0169743050167313	1.4998875663379105
0.0015196100063121982	0.00017625688615165682	2075.236922292999	451.0536704463725	1.0168556466208356	1.4998982658154947
0.0015204772567348672	0.00017654846152169418	2080.3062491675964	451.8224196709106	1.0166982385625158	1.4999079471031662
0.0015213426237852983	0.00017683210626325224	2085.267340387948	452.57916088319524	1.0165819033602723	1.4999167070945063
0.0015221988748359654	0.00017711950343346066	2090.2734849006483	453.33743299127315	1.0164303975979778	1.4999246334624523
0.001523052941720065	0.0001773995583953341	2095.1790930770853	454.0844605685152	1.0163160197497025	1.499931805536759
0.001523898215919744	0.00017768289735329822	2100.1237286598925	454.83253630732145	1.0161697317578944	1.4999382950979567
0.001524741035393215	0.00017795942671922457	2104.9747808767556	455.5700526722246	1.016057025688637	1.499944167095755
0.0015255753626069845	0.00017823881166529788	2109.8593176476575	456.3081722598699	1.0159153776489536	1.4999494802990814
0.0015264069921134935	0.00017851186946549161	2114.6565551797726	457.0363483311345	1.0158041223409284	1.4999542878842609
0.0015272304086194806	0.00017878739143646657	2119.4821856184462	457.7647185709084	1.015666625619097	1.4999586379672218
0.0015280509096039195	0.0001790570235651951	2124.2262009487918	458.48369973958194	1.015556651817038	1.4999625740850562
0.001528863457310857	0.00017932876262176004	2128.993937907818	459.20249991453534	1.0154228924035675	1.4999661356317546
0.0015296728946568605	0.00017959500849037537	2133.6852051526907	459.9124109595667	1.015314072206463	1.4999693582524734
0.0015304746204453212	0.0001798630355415367	2138.395913494794	460.62179771662784	1.015183698610246	1.499972274200284
0.0015312730620148745	0.00018012592943067722	2143.034813379454	461.32274684458383	1.0150759370169953	1.4999749126589719
0.0015320640171813562	0.00018039030775599484	2147.689236313551	462.0228582414869	1.0149486501900205	1.4999773000351189
0.0015328515334380017	0.0001806498799197345	2152.2760766457973	462.71494040339087	1.0148418782433954	1.4999794602223875
0.0015336317732244237	0.00018091066643996718	2156.8748576535318	463.4058992619207	1.0147174231881213	1.4999814148406578
0.001534408436924725	0.00018116694400558176	2161.409890079861	464.08919887368984	1.0146115924254437	1.499983183452407
0.0015351780201187774	0.0001814241903438073	2165.9535911735834	464.77111555808034	1.014489751196798	1.4999847837584959
0.0015359439060592883	0.00018167719804328044	2170.437024867552	465.44570872906473	1.0143848291676942	1.4999862317753252
0.0015367028946535032	0.00018193095141146026	2174.9261417953585	466.1186834479494	1.0142654150318449	1.4999875419951343
0.0015374580794626862	0.00018218071217459864	2179.3581546157807	466.78463980393525	1.0141613816864405	1.4999887275310435
0.0015382065383621182	0.00018243101611466146	2183.7931295251374	467.4487645173191	1.0140442342396794	1.4999898002482945
0.0015389511003285304	0.00018267755154848463	2188.1738770887096	468.10614868931737	1.0139410790264574	1.499990770883002
0.0015396890970986329	0.00018292444655210728	2192.555109073653	468.7615086880368	1.013826060111351	1.4999916491496048
0.0015404231160281927	0.00018316777732688876	2196.8847321096464	469.4103815257442	1.013723779652354	1.49999244383809
0.0015411507206759172	0.0001834113013540752	2201.2125859946727	470.057056739276	1.01361076993674	1.4999931629019672
0.0015418742777723767	0.00018365144751284436	2205.491216285463	470.69747629782984	1.0135093661722068	1.499993813537869
0.0015425915625547023	0.0001838916364260285	2209.7660299395916	471.3355423767113	1.0133982622796043	1.4999944022575786
0.001543304740318522	0.00018412861763139753	2213.9937950980175	471.9675647168565	1.0132977409936585	1.4999949349532007
0.0015440117795736089	0.00018436550555898202	2218.2158855229327	472.5970939280345	1.0131884530926185	1.4999954169561318
0.0015447146617152939	0.00018459934128872466	2222.39291281365	473.22077376279555	1.0130888227475028	1.4999958530904196
0.001545411531712323	0.0001848329609296286	2226.5625812086496	473.84183572964156	1.0129812725238425	1.4999962477210425
0.0015461042030770504	0.00018506367063041864	2230.6890005845034	474.4572269448065	1.0128825433437711	1.4999966047975963
0.0015467909818814552	0.00018529405350928166	2234.8065365569737	475.06988925810174	1.0127766622919163	1.4999969278938234
0.0015474735283824116	0.0001855216567163318	2238.8824830514104	475.6770453290169	1.0126788455482663	1.4999972202433791
0.0015481502957338336	0.00018574883339739104	2242.9481681129846	476.2813740506891	1.0125745735294802	1.4999974847721964
0.0015488228042922045	0.00018597334982635886	2246.973783704823	476.88034837392115	1.012477680988067	1.4999977241277684
0.0015494896414929378	0.00018619735009269773	2250.9878941700667	477.47640845161453	1.0123749650115574	1.4999979407056463
0.001550152199982887	0.00018641879970908635	2254.9633292164485	478.0672546067676	1.012279008509905	1.499998136673414
0.0015508091897950224	0.0001866396527128206	2258.9261386011717	478.6551102142099	1.0121778017008682	1.499998313992383
0.0015514618869923607	0.00018685805578316298	2262.8515529176025	479.23788216848067	1.012082792829442	1.499998474437221
0.0015521091135421348	0.00018707579017122127	2266.763333917825	479.8175969840875	1.0119830535537113	1.4999986196137138
0.001552752039075651	0.00018729116729956284	2270.638897570245	480.39234924993303	1.01188900341998	1.4999987509748371
0.001553389587763788	0.00018750581131893917	2274.4999236892468	480.96398668394943	1.0117906945401307	1.4999988698352964
0.0015540228320684547	0.00018771818347149428	2278.325817551537	481.53077443839163	1.0116976135984161	1.4999989773846878
0.0015546507894855384	0.0001879297650572142	2282.13636443131	482.09439781713485	1.0116007018405668	1.4999990746994012
0.001555274443756962	0.00018813915357755305	2285.9127805521866	482.653276989728	1.0115085997735573	1.4999991627533953
0.001555892897603022	0.0001883477004260652	2289.673127056257	483.2089497040508	1.0114130551872846	1.4999992424279438
0.0015565070537527084	0.00018855412704274293	2293.4002688715264	483.7599770392759	1.0113219408282519	1.4999993145204569
0.0015571160927603956	0.00018875966667300075	2297.110697958421	484.3077626631473	1.0112277363251323	1.49999937975246
0.0015577208433714728	0.00018896315350119415	2300.788780378196	484.8509957619754	1.0111376176116225	1.4999994387768174
0.0015583205572323082	0.00018916571330532494	2304.449579798331	485.390958146102	1.0110447285702486	1.4999994921842648
0.0015589159955154894	0.00018936628284374994	2308.078829193513	485.92645549063695	1.0109556125221624	1.4999995405093212
0.0015595064748087691	0.00018956589012890363	2311.6902920370076	486.45865883521054	1.0108640164493423	1.4999995842356404
0.0015600927010562156	0.00018976355599977017	2315.2708111312254	486.9864803373422	1.010775971357575	1.4999996238008504
0.001560674066844016	0.00018996019571305164	2318.832614742814	487.510995503527	1.0106859313505838	1.499999659600933
0.0015612511989121075	0.0001901549472318825	2322.3641366300835	488.0312228127648	1.0105991883564696	1.499999691994187
0.001561823537055714	0.0001903486548999085	2325.876677542989	488.54814166042445	1.0105106265341752	1.4999997213048155
0.0015623916563075894	0.00019054053414968548	2329.3597067935234	489.06085812290627	1.010425063170767	1.4999997478261688
0.001562955046202378	0.0001907313554792837	2332.8235466361734	489.5702628858217	1.0103378359544997	1.4999997718236817
0.0015635142353501855	0.00019092040368936213	2336.25859368543	490.07554113696057	1.0102533384903698	1.4999997935375293
0.0015640687597383266	0.00019110838065987195	2339.6742580481555	490.57750344147144	1.010167330040268	1.499999813185031
0.0015646191060205061	0.00019129463368084356	2343.0617711957198	491.0754073327368	1.0100838233452363	1.4999998309628257
0.0015651648527454526	0.00019147980201160474	2346.429709071217	491.5699915172682	1.0099989618852065	1.4999998470488398
0.001565706448071178	0.0001916632900375897	2349.770066135684	492.0605799733119	1.0099164106020584	1.4999998616040673
0.0015662435091338524	0.00019184568043968239	2353.090663856014	492.54784691565135	1.0098326594157743	1.4999998747741814
0.0015667764486364867	0.00019202642995822645	2356.3841968617558	493.0311772277976	1.0097510543978057	1.4999998866909936
0.001567304918667911	0.00019220607019712334	2359.657805086053	493.51118702802387	1.0096683976350123	1.4999998974737712
0.0015678292993286582	0.00019238410583236808	2362.904824800871	493.98731685635886	1.0095877433253477	1.4999999072304322
0.0015683492744344334	0.00019256102226189404	2366.131779119838	494.46013030744757	1.0095061755326151	1.4999999160586235
0.0015688651941728042	0.000192736367958432	2369.3325910910926	494.9291186646977	1.0094264818939052	1.4999999240467017
0.001569376771221748	0.00019291058642921112	2372.51322439578	495.394797910718	1.009346001828694	1.4999999312746137
0.0015698843283668694	0.00019308326610155099	2375.668137862715	495.8567055294783	1.0092672799135016	1.4999999378146989
0.0015703876045861434	0.0001932548124404721	2378.802786954343	496.3153142641194	1.0091878872705466	1.4999999437324127
0.001570886897586382	0.00019342485029044633	2381.912119271756	496.7702036342502	1.0091101470382187	1.4999999490869815
0.0015713819703385363	0.00019359375052752285	2385.001128038519	497.2218070644976	1.0090318408802945	1.499999953931996
0.001571873097606995	0.0001937611711743416	2388.0652065357926	497.66974231165597	1.0089550902737219	1.499999958315946
0.0015723600642684615	0.0001939274516303399	2391.1089272108165	498.11440701493154	1.008877868395508	1.4999999622827083
0.0015728431241022057	0.00019409228014059983	2394.1280896577327	498.5554537147253	1.008802113085622	1.4999999658719831
0.0015733220819960701	0.0001942559674416116	2397.1268830492313	498.99324745865334	1.0087259718634254	1.4999999691196932
0.0015737971725334832	0.00019441822930901518	2400.1014774015102	499.427472436014	1.0086512153260292	1.499999972058343
0.0015742682188897965	0.00019457935036522493	2403.0557126011377	499.8584639960888	1.0085761498026442	1.4999999747173431
0.001574735438086186	0.0001947390714675972	2405.986096402822	500.28593513411687	1.008502393542712	1.4999999771233061
0.001575198670015011	0.0001948976534367232	2408.896150254025	500.7101941257097	1.0084283976106851	1.4999999793003114
0.0015756581156256043	0.00019505485998524584	2411.782689903961	501.1309801943629	1.0083556414349677	1.4999999812701472
0.0015761136300948143	0.00019521093023158788	2414.648946383811	501.5485769252947	1.008282708045936	1.4999999830525284
0.001576565399659459	0.00019536564871995953	2417.4920163762126	501.9627474328708	1.0082109503332422	1.4999999846652936
0.0015770132934732094	0.00019551923477456208	2420.314865970706	502.3737527774351	1.0081390716974474	1.4999999861245839
0.0015774574843000183	0.00019567149193175815	2423.114848164802	502.78137784406624	1.0080683096430314	1.499999987445004
0.001577897854075994	0.00019582262145617237	2425.8946872761207	503.18586313682937	1.0079974774031357	1.4999999886397697
0.0015783345632227994	0.00019597244420422965	2428.651970218783	503.5870133875246	1.0079277072283301	1.4999999897208387
0.0015787675053675892	0.00019612114495869365	2431.389200619832	503.9850503341633	1.0078579126028886	1.4999999906990302
0.0015791968296209784	0.00019626856037575094	2434.1041789281935	504.37979680837543	1.007789129729256	1.4999999915841347
0.0015796224403035366	0.0001964148601917576	2436.79920726739	504.7714574106142	1.0077203636265182	1.49999999238501
0.0015800444761556764	0.00019655989547999155	2439.4722810697353	505.15987148532935	1.0076525628173116	1.4999999931096721
0.0015804628512791775	0.00019670382223679133	2442.1255184227484	505.54522797718073	1.0075848159228382	1.4999999937653736
0.0015808776949028346	0.0001968465046946377	2444.757092851914	505.92738130083757	1.007517991396292	1.4999999943586768
0.001581288930075329	0.00019698808629908807	2447.368954314537	506.3065060937434	1.0074512542386602	1.4999999948955196
0.0015816966772975627	0.0001971284432970703	2449.9594390466277	506.68247052868145	1.0073853997578794	1.499999995381275
0.0015821008678018654	0.00019726770766621804	2452.5303433621907	507.05543616354487	1.0073196627567427	1.4999999958208048
0.0015825016140768493	0.00019740576662574365	2455.0801521934723	507.42528373511993	1.0072547717007283	1.499999996218508
0.0015828988548400827	0.00019754274167158522	2457.6105214085783	507.7921628396145	1.0071900252012393	1.4999999965783644
0.0015832926952214655	0.0001976785300461379	2460.12007186397	508.1559656904871	1.007126090620999	1.4999999969039761
0.0015836830807845785	0.00019781324366208806	2462.6103310071776	508.51683094039436	1.0070623249176545	1.4999999971986018
0.0015840701098977284	0.00019794678892034274	2465.080043974836	508.87466128882625	1.0069993395806291	1.49999999746519
0.00158445373438532	0.00019807926896901436	2467.530620753689	509.2295853724391	1.0069365449335974	1.4999999977064091
0.0015848340463997456	0.00019821059857948927	2469.96092014114	509.5815154737297	1.0068745013591829	1.4999999979246732
0.0015852110034903935	0.00019834087288148614	2472.3722446540473	509.93057105860015	1.006812668004927	1.4999999981221668
0.0015855846920925585	0.0001984700142984199	2474.7635570621424	510.27667316898015	1.0067515584930815	1.499999998300866
0.0015859550749898542	0.0001985981106218988	2477.1360615222484	510.6199328704844	1.0066906766511097	1.49999999846256
0.0015863222333565774	0.0001987250912721191	2479.4888159341904	510.96027921299617	1.006630493305897	1.4999999986088666
0.0015866861347609885	0.00019885103732294977	2481.8229344032266	511.2978155643378	1.006570553182787	1.4999999987412507
0.0015870468555335508	0.00019897588459354826	2484.137561886424	511.63247829632695	1.0065112879318718	1.4999999988610364
0.0015874043676152296	0.00019909970800593459	2486.4337300169464	511.96436371970157	1.0064522797236244	1.4999999989694233
0.0015877587428743019	0.00019922244923261051	2488.7106634360807	512.2934149016744	1.0063939243349447	1.4999999990674955
0.0015881099572468986	0.00019934417756008394	2490.9693182210576	512.6197216804234	1.006335838228225	1.499999999156235
0.0015884580784883532	0.00019946484001605425	2493.2089919611326	512.9432332460834	1.0062783843243595	1.4999999992365298
0.0015888030861838831	0.00019958450072277164	2495.430571490105	513.264033497698	1.006221210497141	1.4999999993091837
0.001589145044295555	0.00019970311160817162	2497.633421188583	513.5820772250406	1.0061646495680692	1.4999999993749236
0.0015894839357403557	0.000199820732060477	2499.8183644099568	513.8974428749514	1.0061083781900586	1.4999999994344075
0.001589819820979775	0.00019993731849219534	2501.9848266973236	514.2100903583244	1.0060527016046292	1.4999999994882307
0.0015901526859715695	0.00020005292595041372	2504.1335731864287	514.520093114422	1.0059973228376569	1.499999999536932
0.0015904825879446917	0.0002001675149523251	2506.2640854347637	514.8274157375031	1.0059425218540339	1.4999999995809987
0.0015908095156307552	0.0002002811365627743	2508.3770751675665	515.1321270653635	1.0058880258525518	1.4999999996208717
0.0015911335232717061	0.00020039375505633824	2510.4720752467374	515.4341959750153	1.0058340916279676	1.4999999996569509
0.0015914546021281442	0.00020050541784355012	2512.54974837912	515.7336870738242	1.0057804685397818	1.4999999996895963
0.0015917728036799774	0.00020061609263875678	2514.6096744204065	516.0305731548034	1.0057273921396734	1.4999999997191351
0.0015920881214921022	0.00020072582349790367	2516.6524710729877	516.3249149339761	1.0056746321069094	1.4999999997458628
0.0015924006044885635	0.00020083458128455293	2518.6777612399624	516.6166887844862	1.0056224045135296	1.499999999770047
0.0015927102483323519	0.00020094240697408376	2520.6861212885588	516.9059518409905	1.0055704976738946	1.49999999979193
0.0015930170995806518	0.00020104927431338832	2522.6772135551296	517.192683749071	1.0055191097945588	1.4999999998117306
0.0015933211558052784	0.0002011552214478704	2524.6515764268	517.4769383454574	1.0054680462828816	1.499999999829647
0.0015936224613698519	0.00020126022476437357	2526.608908362303	517.7586982662013	1.0054174889578222	1.499999999845858
0.001593921015581267	0.00020136431980755342	2528.549712837172	518.038014309354	1.0053672589078602	1.4999999998605267
0.0015942168607685162	0.0002014674853813596	2530.4737213984986	518.314871842966	1.0053175229178386	1.4999999998737992
0.0015945099978140534	0.00020156975463944064	2532.3814054173404	518.5893188635822	1.0052681164643178	1.4999999998858087
0.0015948004671580477	0.00020167110859875038	2534.2725267479796	518.8613432342518	1.0052191925378793	1.4999999998966755
0.0015950882711120386	0.00020177157821389447	2536.1475272256375	519.1309903670583	1.0051705998187677	1.4999999999065081
0.0015953734483611587	0.00020187114652784816	2538.0061964617043	519.3982504026743	1.0051224786393034	1.499999999915405
0.0015956560025115296	0.0002019698424719095	2539.848949106476	519.6631663673896	1.0050746897982663	1.4999999999234555
0.0015959359706160378	0.00020206765094372864	2541.6756001895533	519.9257304800776	1.005027362010805	1.4999999999307396
0.001596213357451865	0.00020216459901221815	2543.4865393284836	520.1859835631248	1.004980367199849	1.4999999999373306
0.0015964881985523801	0.00020226067327264595	2545.2816048253044	520.4439197306049	1.0049338234176595	1.4999999999432942
0.001596760499752375	0.0002023558990789354	2547.0611632355144	520.6995777675755	1.0048876127998283	1.4999999999486906
0.0015970302951692252	0.00020245026457997668	2548.8250741644533	520.9529535153467	1.0048418436107458	1.4999999999535734
0.0015972975915911351	0.00020254379354974115	2550.5736829104644	521.2040838742248	1.0047964073630569	1.4999999999579914
0.0015975624218145762	0.00020263647555869221	2552.3068685747107	521.4529662585585	1.0047514033356253	1.499999999961989
0.001597824793485463	0.00020272833292459626	2554.024956851806	521.6996358237004	1.0047067316519969	1.4999999999656062
0.0015980847381667335	0.00020281935651836897	2555.727844679247	521.9440914154452	1.0046624833414097	1.4999999999688793
0.0015983422642741134	0.00020290956731499598	2557.4158396628623	522.1863665723064	1.004618566435678	1.4999999999718407
0.0015985974022173048	0.00020299895737472648	2559.088855052514	522.4264614414959	1.0045750643894844	1.4999999999745204
0.001598850161101118	0.00020308754643375422	2560.747181753641	522.6644080621194	1.0045318924984716	1.499999999976945
0.001599100570255842	0.0002031753276396978	2562.390747928644	522.9002077633698	1.0044891272621088	1.4999999999791391
0.0015993486394012305	0.0002032623195853175	2564.0198290552084	523.1338911926092	1.0044466906486826	1.4999999999811244
0.001599594396856053	0.00020334851641202136	2565.6343669222215	523.3654607512957	1.0044046527708033	1.4999999999829206
0.0015998378528869236	0.00020343393565660288	2567.23462274643	523.594945793785	1.0043629417269875	1.4999999999845461
0.001600079034863547	0.00020351857236835822	2568.820550761427	523.8223496929949	1.0043216217645559	1.4999999999860165
0.001600317953536888	0.00020360244310835526	2570.392398992959	524.0477006008412	1.0042806266145936	1.499999999987347
0.0016005546353850622	0.00020368554375491813	2571.9501330332473	524.2710027690812	1.0042400151378579	1.4999999999885514
0.0016007890915859932	0.00020376788996701937	2573.49398869835	524.4922832302846	1.004199726241246	1.4999999999896407
0.0016010213477791234	0.00020384947837959934	2575.0239419407544	524.7115470299374	1.0041598138384664	1.4999999999906266
0.001601251415516653	0.00020393032381711622	2576.5402172670683	524.9288201575185	1.0041202215929614	1.4999999999915186
0.0016014793196480889	0.00020401042360462948	2578.0428000722054	525.1441083740294	1.0040809988749628	1.4999999999923257
0.0016017050720515615	0.0002040897917941198	2579.53190437928	525.3574366958557	1.0040420937196044	1.499999999993056
0.0016019286968315398	0.00020416842633969528	2581.0075241817244	525.5688115276366	1.0040035513240992	1.499999999993717
0.0016021502061477333	0.0002042463405778234	2582.4698637771817	525.7782569769331	1.0039653237420643	1.4999999999943148
0.0016023696234009606	0.00020432353303556454	2583.9189249815267	525.9857800259721	1.003927452337905	1.4999999999948557
0.0016025869609918256	0.0002044000163861874	2585.3549030626823	526.191403932512	1.0038898928593538	1.4999999999953453
0.0016028022416556657	0.0002044757896781782	2586.7778069452893	526.395136195666	1.0038526831505004	1.4999999999957883
0.0016030154779966782	0.00020455086496966093	2588.1878235062654	526.5969992776164	1.0038157823553717	1.499999999996189
0.001603226692119935	0.00020462524178321237	2589.584968122604	526.7970011385795	1.003779225084748	1.4999999999965516
0.0016034358967990335	0.00020469893160596453	2590.969419866732	526.9951634949891	1.0037429736054115	1.4999999999968798
0.0016036431135412958	0.00020477193439109634	2592.3411999642044	527.1914947169122	1.0037070595585302	1.499999999997177
0.0016038483552583956	0.00020484426109532392	2593.7004802216397	527.3860158208365	1.0036714480824593	1.4999999999974454
0.0016040516428899299	0.0002049159120624769	2595.0472871577763	527.578735539589	1.0036361680909007	1.4999999999976885
0.001604252989456971	0.00020498689775614917	2596.3817858082307	527.7696742318248	1.0036011873631467	1.4999999999979086
0.0016044524153591443	0.00020505721887411723	2597.7040074740694	527.9588409498712	1.003566532307918	1.4999999999981077
0.0016046499337006729	0.0002051268854211402	2599.0141108745374	528.146255433292	1.0035321731335658	1.4999999999982876
0.0016048455643668748	0.00020519589841522004	2600.3121316230995	528.3319270141795	1.0034981339482472	1.4999999999984506
0.001605039320521115	0.00020526426743381395	2601.5982225404687	528.5158748486537	1.0034643871947213	1.499999999998598
0.0016052312215581632	0.00020533199378416835	2602.8724231202323	528.6981085120834	1.0034309548684501	1.4999999999987317
0.0016054212806785807	0.00020539908664544097	2604.1348806686356	528.8786466099584	1.0033978114677684	1.4999999999988523
0.0016056095168085927	0.0002054655475856623	2605.3856381617816	529.0574989274244	1.0033649770481006	1.4999999999989613
0.0016057959431659183	0.00020553138541237398	2606.6248377445845	529.2346835495608	1.0033324279990794	1.4999999999990603
0.0016059805782286229	0.0002055966019282492	2607.8525255099817	529.410210440545	1.0033001825946404	1.4999999999991496
0.0016061634352133047	0.00020566120559376794	2609.068838766314	529.5840971928868	1.003268218964858	1.4999999999992306
0.001606344532168786	0.00020572519842223296	2610.2738263870287	529.7563539215832	1.003236553747959	1.4999999999993037
0.0016065238822938728	0.00020578858854966795	2611.467621142682	529.9269977522425	1.0032051666757327	1.49999999999937
0.0016067015032257084	0.00020585137817795068	2612.650274377948	530.0960389248046	1.003174072884692	1.49999999999943
0.001606877408130132	0.0002059135751394609	2613.821914600526	530.2634941216432	1.0031432535809397	1.499999999999484
0.0016070516142489282	0.00020597518180440118	2614.9825953419754	530.4293736839256	1.003112722522406	1.4999999999995333
0.0016072241347011673	0.0002060362057206764	2616.132441100215	530.5936938726334	1.0030824622723942	1.4999999999995777
0.001607394986348455	0.00020609664940822128	2617.2715073322984	530.7564651084157	1.0030524853234164	1.499999999999618
0.0016075641822505611	0.00020615652014812605	2618.3999147593877	530.9177032510356	1.0030227754883994	1.499999999999654
0.0016077317389030581	0.0002062158205929796	2619.5177205236228	531.0774187807215	1.002993344098521	1.4999999999996874
0.0016078976692950988	0.00020627455777326374	2620.6250417830115	531.2356271746523	1.0029641761178465	1.4999999999997171
0.0016080619895694525	0.00020633273445848892	2621.721937142967	531.3923389544442	1.002935281812252	1.4999999999997438
0.0016082247126342508	0.00020639035744369656	2622.808520398531	531.5475692319667	1.0029066472051213	1.499999999999768
0.001608385854291689	0.00020644742960103547	2623.884851416939	531.7013285535344	1.002878281584361	1.4999999999997904
0.001608545427359588	0.00020650395750393828	2624.95104081252	531.8536316816285	1.0028501719491876	1.4999999999998104
0.0016087034473110744	0.0002065599441139947	2626.0071495279167	532.0044891719956	1.0028223266904348	1.4999999999998284
0.001608859926865294	0.00020661539579577674	2627.053285164642	532.1539154524764	1.0027947337064977	1.4999999999998446
0.0016090148811770705	0.00020667031558821149	2628.0895095695755	532.3019210743237	1.0027674005655252	1.4999999999998594
0.001609168322859351	0.0002067247096587757	2629.1159274862994	532.4485201444114	1.0027403159945938	1.4999999999998728
0.0016093202667587382	0.0002067785811126456	2630.1326015089385	532.593723196806	1.0027134868075245	1.499999999999885
0.0016094707253752367	0.00020683193593107294	2631.13963366623	532.7375440301115	1.002686902495303	1.4999999999998959
0.0016096197132566725	0.00020688477727533107	2632.1370871556533	532.8799931496403	1.002660569180156	1.4999999999999059
0.0016097672427840748	0.00020693711095049546	2633.125061423355	533.0210840575222	1.0026344770573785	1.4999999999999147
0.0016099133282153682	0.00020698894016464223	2634.103620138306	533.1608272197951	1.002608631615299	1.4999999999999227
0.0016100579818072302	0.00020704027055596367	2635.0728602863837	533.2992358530755	1.0025830236987003	1.4999999999999303
0.001610201217536028	0.00020709110537083528	2636.032845887299	533.4363203745614	1.002557658215021	1.499999999999937
0.0016103430475293207	0.00020714145008915934	2636.983671579768	533.5720937255593	1.0025325266081144	1.499999999999943
0.0016104834854897803	0.00020719130798783512	2637.925401623735	533.7065662657506	1.0025076332532783	1.4999999999999483
0.0016106225434116448	0.00020724068439642723	2638.8581284154666	533.8397506706326	1.0024829701471016	1.4999999999999531
0.0016107602347313018	0.0002072895826152497	2639.781916354022	533.9716572345028	1.002458541177458	1.4999999999999576
0.0016108965713059829	0.00020733800783089349	2640.696855690213	534.102298375915	1.0024343388511028	1.4999999999999618
0.0016110315663128052	0.00020738596336059204	2641.603010869774	534.2316843166702	1.0024103666096913	1.4999999999999654
0.0016111652314687796	0.0002074334542547844	2642.500470087963	534.3598272266518	1.0023866174309102	1.4999999999999687
0.0016112975796983855	0.00020748048384169724	2643.389297752797	534.4867372487482	1.0023630943480388	1.4999999999999716
0.0016114286225756458	0.00020752705704194145	2644.269580087378	534.612426311914	1.0023397907736982	1.4999999999999742
0.0016115583727786898	0.000207573177189331	2645.1413813849963	534.7369044743426	1.002316709367566	1.4999999999999767
0.0016116868417361866	0.0002076188490805161	2646.0047859740384	534.86018343131	1.002293843944045	1.499999999999979
0.0016118140418858885	0.0002076640760499725	2646.8598579628842	534.9822731511292	1.0022711968212068	1.499999999999981
0.0016119399845091183	0.00020770886277583688	2647.70667985719	535.1031851021924	1.0022487621847898	1.4999999999999825
0.0016120646818089284	0.0002077532125887646	2648.54531551654	535.2229291582894	1.002226542040601	1.4999999999999845
0.0016121881449176444	0.00020779713005344275	2649.375845690862	535.3415165673159	1.0022045309176788	1.4999999999999858
0.0016123103858090321	0.00020784061849263036	2650.1983339328767	535.458957104401	1.002182730536625	1.4999999999999871
0.0016124314154650865	0.0002078836823622719	2651.0128592991523	535.5752618029513	1.002161135744011	1.4999999999999885
0.0016125512456354448	0.00020792632497353326	2651.8194849828797	535.6904403357586	1.0021397479999998	1.4999999999999896
0.0016126698871507259	0.00020796855067799845	2652.6182884054447	535.8045035274	1.0021185624449993	1.4999999999999907
0.0016127873515413788	0.0002080103627718873	2653.4093323527827	535.9174609450899	1.002097580301591	1.4999999999999916
0.0016129036494858626	0.00020805176550650842	2654.19269266543	536.0293232099168	1.002076796982161	1.4999999999999922
0.0016130187923001583	0.00020809276216010093	2654.9684316789135	536.140099780663	1.0020562134926583	1.499999999999993
0.0016131327905100357	0.00020813335688750598	2655.736623703687	536.2498010799845	1.0020358254974204	1.4999999999999938
0.0016132456552215351	0.00020817355294624457	2656.49733058598	536.3584364557476	1.0020156338049997	1.499999999999994
0.0016133573968074245	0.00020821335439824624	2657.250625153703	536.4660161369557	1.001995634313221	1.499999999999995
0.0016134680261681556	0.0002082527644778433	2657.9965687287586	536.572549358412	1.001975827650949	1.4999999999999953
0.001613577553523388	0.00020829178715737944	2658.735232701093	536.6780461600058	1.0019562099324857	1.499999999999996
0.0016136859895721656	0.0002083304256457779	2659.466677836872	536.7825156616369	1.0019367816232552	1.4999999999999962
0.0016137933443811235	0.0002083686838289076	2660.1909741299123	536.8859677183978	1.0019175390384054	1.4999999999999964
0.0016138996284519283	0.000208406564888291	2660.908181762547	536.9884113337262	1.0018984824948514	1.499999999999997
0.0016140048516984449	0.00020844407262623848	2661.6183693718194	537.0898561820283	1.0018796084941928	1.4999999999999971
0.0016141090244288494	0.0002084812101950916	2662.3215965312083	537.1903111489895	1.001860917218559	1.4999999999999973
0.0016142121564046508	0.00020851798131633545	2663.017930558005	537.2897857322442	1.0018424053427333	1.4999999999999978
0.0016143142577442864	0.00020855438911154646	2663.7074303946647	537.3882886986754	1.0018240729266383	1.4999999999999978
0.0016144153380574656	0.0002085904372239534	2664.3901620736647	537.4858293728938	1.0018059168060476	1.4999999999999982
0.0016145154072765226	0.00020862612874296012	2665.066183886857	537.5824164021521	1.0017879369302738	1.4999999999999982
0.0016146144748600548	0.0002086614672359539	2665.735560614893	537.6780589416177	1.0017701302848274	1.4999999999999984
0.0016147125505578052	0.0002086964557589257	2666.398349881872	537.7727655182925	1.0017524967189733	1.4999999999999987
0.0016148096436780718	0.00020873109780569635	2667.0546152478523	537.8665451213368	1.0017350333576598	1.4999999999999987
0.0016149057637914186	0.00020876539639775205	2667.704413654225	537.9594061570712	1.001717739959871	1.499999999999999
0.0016150009200567583	0.00020879935495749337	2668.3478074700497	538.0513574519449	1.0017006137804072	1.499999999999999
0.0016150951218687872	0.00020883297647094988	2668.984852941112	538.1424072913348	1.0016836544969179	1.4999999999999993
0.001615188378238051	0.0002088662642911291	2669.6156112735885	538.2325643421595	1.0016668594853038	1.4999999999999993
0.0016152806983865983	0.00020889922136778063	2670.2401380066563	538.3218367687498	1.0016502283500937	1.4999999999999993
0.0016153720911777085	0.0002089318509864345	2670.858493210312	538.4102330815492	1.001633758580129	1.4999999999999993
0.0016154625656639163	0.00020896415605985464	2671.4707317078637	538.4977613238898	1.0016174497143675	1.4999999999999993
0.0016155521305624278	0.00020899613980790888	2672.0769124585954	538.5844298526916	1.0016012993471946	1.4999999999999996
0.0016156407947593085	0.00020902780510577852	2672.677089562286	538.6702465904676	1.0015853069588403	1.4999999999999996
0.0016157285668269498	0.00020905915510939038	2673.2713208917908	538.7552197434667	1.0015694702423306	1.4999999999999996
0.0016158154554879276	0.00020909019265584374	2673.859659817171	538.8393571136849	1.0015537886255423	1.4999999999999996
0.0016159014691711439	0.0002091209208387608	2674.442163148088	538.9226667594611	1.0015382598937967	1.4999999999999996
0.0016159866164385847	0.00020915134245675163	2675.0188835200547	539.0051563626898	1.0015228834284007	1.4999999999999996
0.0016160709055770496	0.00020918146054268972	2675.589876701775	539.0868338364766	1.0015076571011239	1.4999999999999996
0.0016161543449907697	0.00020921127785637216	2676.1551945906454	539.1677067431299	1.001492580252018	1.4999999999999998
0.0016162369428258793	0.00020924079737140536	2676.7148919357164	539.247782853121	1.0014776508338927	1.4999999999999998
0.0016163187073316265	0.00020927002180852675	2677.2690198938503	539.327069609783	1.0014628681504234	1.4999999999999998
0.0016163996465149658	0.00020929895408349094	2677.817632214953	539.4055746434785	1.0014482302304855	1.4999999999999998
0.0016164797684728705	0.00020932759687779798	2678.360779313959	539.4833052792624	1.0014337363458048	1.4999999999999998
0.0016165590810746427	0.00020935595305070182	2678.8985139613396	539.5602690098417	1.0014193845967345	1.4999999999999998
0.0016166375922676368	0.0002093840252443526	2679.4308858297063	539.6364730427688	1.0014051742271604	1.4999999999999998
0.0016167153097850619	0.00020941181626279868	2679.9579467291082	539.7119247354922	1.0013911034046197	1.4999999999999998
0.0016167922414272527	0.0002094393287087856	2680.479745590314	539.786631178903	1.001377171348896	1.5
0.0016168683947929228	0.00020946656533239478	2680.996333281276	539.8605995975238	1.0013633762908147	1.5
0.0016169437775379314	0.00020949352869696758	2681.5077579922227	539.9338369664957	1.0013497174294337	1.5
0.0016170183971281195	0.00020952022149980893	2682.0140696667513	540.0063503796936	1.0013361930552525	1.5
0.001617092261077371	0.00020954664626490389	2682.5153157565846	540.0781466974754	1.0013228023497396	1.5
0.0016171653767202965	0.00020957280563792485	2683.011545298123	540.1492328852933	1.0013095436596648	1.5
0.001617237751431255	0.0002095987021035945	2683.5028050073165	540.2196156897423	1.0012964161517712	1.5
0.0016173093924152953	0.00020962433825705336	2683.9891430300077	540.2893019500303	1.0012834182260166	1.5
0.0016173803069096568	0.0002096497165438955	2684.470605349722	540.3582983000541	1.0012705490370177	1.5
0.0016174505019915075	0.00020967483950978997	2684.947239237883	540.4266114549077	1.0012578070350295	1.5
0.0016175199847633273	0.00020969970956137375	2685.419089949506	540.4942479369	1.0012451913648914	1.5
0.0016175887621761008	0.0002097243291958683	2685.8862038972925	540.5612143390988	1.0012327005245107	1.5
0.0016176568411998705	0.00020974870078115798	2686.3486256121837	540.627517073369	1.0012203336511396	1.5
0.001617724228661142	0.00020977282676700474	2686.8064006634145	540.6931626127976	1.0012080892878468	1.5
0.0016177909313997982	0.00020979670948277732	2687.259572862772	540.7581572599884	1.0011959665662382	1.5
0.0016178569561195828	0.00020982035133173442	2687.7081869508947	540.8225073700553	1.0011839640722908	1.5
0.0016179223095324593	0.00020984375460499145	2688.152286025739	540.8862191375476	1.0011720809337483	1.5
0.0016179869982211265	0.00020986692166023057	2688.591914013845	540.9492988015762	1.0011603157773412	1.5
0.001618051028771837	0.00020988985475060091	2689.0271133050533	541.0117524498719	1.001148667728636	1.5
0.0016181144076479646	0.00020991255618910666	2689.457927025959	541.0735862074768	1.0011371354531096	1.5
0.0016181771413122143	0.00020993502819124251	2689.884396864368	541.1348060565609	1.0011257180755984	1.5
0.001618239236110363	0.00020995727302620476	2690.306565160746	541.1954180099967	1.0011144142985449	1.5
0.0016183006983836981	0.00020997929287216457	2690.72447290724	541.2554279456749	1.0011032232473716	1.5
0.0016183615343621249	0.00021000108995535642	2691.138161671701	541.3148417661635	1.0010921436597973	1.5
0.0016184217502676083	0.0002100226664169774	2691.547671757292	541.3736652463665	1.0010811746630353	1.5
0.0016184813522158988	0.0002100440244411241	2691.953043972473	541.431904180388	1.001070315028467	1.5
0.001618540346311707	0.00021006516613238351	2692.3543179383405	541.4895642414514	1.0010595638862387	1.5
0.0016185987385583444	0.00021008609363351528	2692.7515337169075	541.5466511170039	1.0010489200399004	1.5
0.0016186565349452955	0.00021010680901287654	2693.1447302543497	541.6031703799099	1.0010383826235028	1.5
0.0016187137413651426	0.00021012731437267007	2693.533946878929	541.659127612734	1.0010279504713995	1.5
0.0016187703636941471	0.00021014761174541484	2693.9192218692415	541.7145282893118	1.0010176227224625	1.5
0.0016188264077158629	0.00021016770319351848	2694.3005938322435	541.7693778890795	1.0010073982405476	1.5
0.0016188818791952903	0.00021018759071406582	2694.6781003864767	541.8236817881786	1.000997276170096	1.5
0.0016189367838086585	0.00021020727633040839	2695.051779429769	541.8774453646348	1.0009872554033488	1.5
0.0016189911272116429	0.00021022676200461193	2695.4216679283068	541.9306738982417	1.000977335091029	1.5
0.001619044914974824	0.00021024604972169842	2695.7878030827897	541.9833726673108	1.0009675141525591	1.5
0.0016190981526464665	0.0002102651414091334	2696.1502212148243	542.0355468566335	1.0009577917456594	1.5
0.0016191508456931774	0.0002102840390143177	2696.5089588397555	542.0872016464778	1.0009481668158828	1.5
0.0016192029995576837	0.00021030274443054682	2696.8640516425507	542.1383421279771	1.000938638528483	1.5
0.0016192546196042868	0.00021032125956829098	2697.215535464746	542.1889733850041	1.000929205854202	1.5
0.0016193057111720214	0.0002103395862871115	2697.563445362693	542.2391004163842	1.0009198679662976	1.5
0.0016193562795245328	0.00021035772646122466	2697.9078165154865	542.2887282112143	1.0009106238597942	1.5
0.001619406329898989	0.00021037568191689795	2698.248683358969	542.3378616773563	1.0009014727164411	1.5
0.0016194558674600115	0.00021039345449275662	2698.586080420965	542.3865057107315	1.000892413554632	1.5
0.0016195048973446922	0.00021041104598221817	2698.9200415249675	542.4346651295831	1.000883445564984	1.5
0.0016195534246202562	0.00021042845818896553	2699.2506005585324	542.4823447382292	1.0008745677884918	1.5
0.0016196014543254861	0.000210445692874014	2699.5777907410234	542.5295492666354	1.0008657794250104	1.5
0.0016196489914318134	0.0002104627518067398	2699.901645330537	542.5762834290695	1.0008570795373144	1.5
0.0016196960408814522	0.0002104796367162064	2700.2221969505717	542.6225518685544	1.0008484673348197	1.5
0.0016197426075516364	0.00021049634933810495	2700.5394782403955	542.6683592108363	1.0008399419013974	1.5
0.0016197886962897189	0.00021051289137000045	2700.8535212359416	542.7137100133273	1.0008315024562298	1.5
0.0016198343118803108	0.00021052926451451008	2701.1643579681304	542.7586088147598	1.0008231481035932	1.5
0.0016198794590775935	0.00021054547043815257	2701.472019893627	542.8030600882545	1.0008148780727109	1.5
0.0016199241425751201	0.00021056151081106882	2701.7765384453087	542.8470682870172	1.0008066914876457	1.5
0.0016199683670355533	0.0002105773872691874	2702.0779445089	542.8906378011974	1.0007985875877787	1.5
0.0016200121370629306	0.00021059310145075954	2702.3762689293853	542.9337729999337	1.0007905655163507	1.5
0.0016200554572300375	0.00021060865496157628	2702.6715420298524	542.9764781917136	1.00078262452314	1.5
0.001620098332052921	0.0002106240494085766	2702.963794077403	543.0187576630534	1.0007747637699491	1.5
0.001620140766016091	0.00021063928636786775	2703.2530548407817	543.0606156420727	1.000766982517014	1.5
0.0016201827635491189	0.0002106543674156416	2703.539354019058	543.1020563340933	1.000759279944225	1.5
0.0016202243290498277	0.00021066929409877354	2703.82272083492	543.1430838881556	1.0007516553224103	1.5
0.001620265466862799	0.0002106840679632644	2704.103184429104	543.1837024297852	1.0007441078489734	1.5
0.0016203061813007287	0.0002106986905272085	2704.3807734864954	543.2239160302234	1.0007366368054103	1.5
0.0016203464766246826	0.0002107131633069605	2704.655516599052	543.2637287365826	1.0007292414061584	1.5
0.0016203863570637663	0.00021072748779228334	2704.9274419220865	543.3031445435715	1.000721920943447	1.5
0.0016204258267969861	0.0002107416654704215	2705.196577508203	543.3421674212523	1.000714674648286	1.5
0.0016204648899713655	0.00021075569780325268	2705.4629509913084	543.3808012890594	1.0007075018236518	1.5
0.0016205035506852898	0.00021076958624943707	2705.7265898939268	543.4190500413453	1.000700401716684	1.5
0.00162054181300519	0.000210783332243413	2705.9875213367277	543.4569175235129	1.000693373641139	1.5
0.0016205796809502467	0.00021079693721577254	2706.2457723212774	543.4944075555296	1.0006864168598495	1.5
0.0016206171585077627	0.0002108104025739553	2706.501369463085	543.5315239100009	1.000679530697351	1.5
0.0016206542496191166	0.0002108237297209941	2706.7543392517828	543.5682703338116	1.0006727144317806	1.5
0.0016206909581939221	0.00021083692003776835	2707.0047078057546	543.6046505279862	1.000665967398417	1.5
0.0016207272880971373	0.00021084997490025104	2707.252501111572	543.6406681676158	1.0006592888903239	1.5
0.0016207632431621064	0.0002108628956631957	2707.497744798466	543.6763268833512	1.0006526782535121	1.5
0.0016207988271787269	0.00021087568367600683	2707.7404643586933	543.7116302797529	1.0006461347955669	1.5
0.0016208340439054694	0.00021088834026774435	2707.980684940258	543.7465819182928	1.0006396578731838	1.5
0.0016208688970585187	0.00021090086676172506	2708.2184315497043	543.7811853342481	1.0006332468081658	1.5
0.0016209033903228436	0.00021091326446174305	2708.4537288616552	543.8154440210935	1.0006269009678286	1.5
0.0016209375273422378	0.0002109255346655024	2708.686601405432	543.8493614460496	1.0006206196878018	1.5
0.0016209713117295223	0.00021093767865195466	2708.917073390063	543.8829410357583	1.0006144023459955	1.5
0.0016210047470574063	0.00021094969769365807	2709.1451688760167	543.9161861905999	1.0006082482915533	1.5
0.0016210378368678906	0.00021096159304514095	2709.3709116144246	543.9491002715342	1.000602156912869	1.5
0.0016210705846638894	0.00021097336595427314	2709.5943252051375	543.981686613289	1.000596127572318	1.5
0.0016211029939178915	0.00021098501765157518	2709.815432949022	544.0139485122854	1.000590159668702	1.5
0.0016211350680642798	0.00021099654936068023	2710.0342579934363	544.0458892387736	1.000584252577276	1.5
0.0016211668105073236	0.00021100796228851033	2710.2508231965294	544.0775120257566	1.0005784057072145	1.5
0.0016211982246141237	0.00021101925763490612	2710.465151261171	544.1088200801669	1.000572618446354	1.5
0.0016212293137219899	0.0002110304365835979	2710.6772646102713	544.1398165726982	1.0005668902140958	1.5
0.0016212600811319785	0.00021104150031106802	2710.887185510075	544.1705046481051	1.0005612204106435	1.5
0.0016212905301156836	0.0002110524499782573	2711.0949359556535	544.200887415868	1.0005556084655072	1.5
0.0016213206639093239	0.00021106328673871916	2711.300537784395	544.2309679596847	1.0005500537909342	1.5
0.001621350485720009	0.00021107401173099978	2711.504012570826	544.2607493289033	1.00054455582651	1.5
0.0016213799987203135	0.00021108462608614628	2711.705381731136	544.2902345472693	1.0005391139962532	1.5
0.0016214092060540615	0.00021109513092070284	2711.904666426533	544.3194266050662	1.0005337277496582	1.5
0.0016214381108313608	0.00021110552734362336	2712.101887659522	544.3483284671762	1.0005283965222858	1.5
0.0016214667161339384	0.00021111581644983688	2712.2970661851405	544.3769430658667	1.0005231197734745	1.5
0.0016214950250105875	0.00021112599932661226	2712.4902225996225	544.4052733082276	1.0005178969500237	1.5
0.0016215230404821035	0.00021113607704764586	2712.6813772588894	544.4333220695514	1.0005127275209997	1.5
0.0016215507655371073	0.00021114605067892127	2712.870550360208	544.4610922001871	1.0005076109442583	1.5
0.001621578203136604	0.00021115592127327954	2713.0577618673474	544.4885865194736	1.0005025466984214	1.5
0.0016216053562101622	0.0002111656898758134	2713.2430315857905	544.5158078220601	1.0004975342521552	1.5
0.0016216322276601247	0.00021117535751887987	2713.426379094028	544.542758872339	1.0004925730935579	1.5
0.001621658820358112	0.00021118492522706855	2713.607823812852	544.5694424102785	1.000487662701885	1.5
0.0016216851371489084	0.00021119439401262016	2713.7873849422613	544.5958611463195	1.0004828025745485	1.5
0.0016217111808472721	0.00021120376488000114	2713.9650815253135	544.6220177667554	1.0004779922011928	1.5
0.0016217369542415186	0.00021121303882169767	2714.140932390216	544.6479149290547	1.0004732310884348	1.5
0.001621762460090608	0.00021122221682242807	2714.3149562091558	544.6735552668233	1.000468518736057	1.5
0.0016217877011274588	0.00021123129985528094	2714.4871714451606	544.6989413855218	1.0004638546597742	1.5
0.001621812680056281	0.00021124028888559482	2714.657596406301	544.7240758670433	1.000459238369292	1.5
0.0016218373995556487	0.0002112491848674118	2714.8262491969317	544.74896126579	1.000454669389306	1.5
0.001621861862276058	0.00021125798874705226	2714.993147767659	544.7736001128986	1.000450147239273	1.5
0.001621886070842765	0.00021126670145985994	2715.1583098706037	544.7979949126493	1.0004456714526757	1.5
0.0016219100278535683	0.00021127532393349266	2715.321753105441	544.8221481463662	1.0004412415585384	1.5
0.0016219337358814269	0.00021128385708493635	2715.483494878389	544.8460622691266	1.000436857099051	1.5
0.001621957197472435	0.00021129230182353646	2715.6435524446347	544.8697397133672	1.0004325176125564	1.5
0.001621980415148253	0.0002113006590482575	2715.801942870734	544.8931828858716	1.000428222649838	1.5
0.0016220033914042563	0.00021130892965047713	2715.9586830737367	544.9163941711022	1.0004239717584085	1.5
0.0016220261287117831	0.00021131711451147009	2716.113789786687	544.939375928441	1.0004197644974682	1.5
0.0016220486295164538	0.00021132521450498327	2716.2672795947205	544.9621304952689	1.0004156004235085	1.5
0.0016220708962402521	0.0002113332304949286	2716.419168903448	544.9846601844495	1.0004114791040533	1.5
0.0016220929312799905	0.00021134116333775454	2716.5694739722217	545.006967287164	1.0004074001043852	1.5
0.001622114737009244	0.0002113490138803308	2716.718210885183	545.0290540706179	1.0004033630002156	1.5
0.001622136315776951	0.00021135678296213472	2716.8653955819495	545.0509227806634	1.000399367365448	1.5
0.0016221576699092047	0.00021136447141331048	2717.0110438310753	545.0725756397001	1.0003954127838244	1.5
0.0016221788017079857	0.00021137208005668514	2717.155171258382	545.0940148491007	1.0003914988377125	1.5
0.0016221997134528245	0.000211379609705988	2717.2977933226275	545.1152425872968	1.0003876251188009	1.5
0.0016222204073996424	0.00021138706116771147	2717.4389253416743	545.1362610120236	1.0003837912177194	1.5
0.0016222408857822998	0.00021139443523947784	2717.578582470209	545.1570722585656	1.0003799967339377	1.5
0.0016222611508115467	0.0002114017327117533	2717.7167797238617	545.1776784418424	1.0003762412662338	1.5
0.0016222812046764558	0.00021140895436635426	2717.853531958855	545.1980816548057	1.0003725244217243	1.5
0.0016223010495434746	0.0002114161009780271	2717.9888538942655	545.2182839703677	1.0003688458071585	1.5
0.0016223206875577549	0.00021142317331307846	2718.122760093377	545.2382874399441	1.0003652050371952	1.5
0.001622340120842293	0.00021143017213083405	2718.2552649842596	545.2580940952382	1.00036160172638	1.5
0.0016223593514991714	0.0002114370981823825	2718.3863828426975	545.2777059469128	1.000358035496784	1.5
0.0016223783816087757	0.00021144395221192274	2718.516127811219	545.2971249862428	1.0003545059706023	1.5
0.001622397213230953	0.00021145073495561266	2718.6445138834706	545.3163531839101	1.0003510127772053	1.5
0.0016224158484043037	0.00021145744714281335	2718.7715549218096	545.3353924915318	1.0003475555462968	1.5
0.0016224342891472579	0.00021146408949503545	2718.8972646430275	545.354244840566	1.0003441339143864	1.5
0.0016224525374574409	0.00021147066272708527	2719.0216566345807	545.3729121437294	1.0003407475185524	1.5
0.0016224705953126715	0.00021147716754610303	2719.144744341582	545.3913962939994	1.00033739600234	1.5
0.0016224884646703953	0.00021148360465262029	2719.266541081796	545.4096991659345	1.0003340790100423	1.5
0.0016225061474686104	0.00021148997473967958	2719.38706003375	545.4278226147663	1.000330796192113	1.5
0.001622523645625362	0.0002114962784938114	2719.5063142506187	545.445768477625	1.0003275471999222	1.5
0.001622540961039608	0.00021150251659422898	2719.6243166493664	545.4635385727147	1.0003243316907393	1.5
0.001622558095590757	0.00021150868971373234	2719.74108002361	545.4811347004555	1.000321149322849	1.5
0.0016225750511394865	0.00021151479851796816	2719.856617033669	545.498558642733	1.0003179997601994	1.5
0.0016225918295273267	0.0002115208436662695	2719.9709402185235	545.5158121639605	1.00031488266788	1.5
0.0016226084325774227	0.00021152682581097667	2720.0840619867145	545.5328970104007	1.0003117977164044	1.5
0.001622624862094163	0.00021153274559821558	2720.195994627437	545.5498149111514	1.0003087445775272	1.5
0.001622641119863894	0.00021153860366727545	2720.3067503022216	545.5665675775364	1.000305722928191	1.5
0.0016226572076545923	0.00021154440065132923	2720.4163410552346	545.5831567040209	1.0003027324467162	1.5
0.001622673127216526	0.0002115501371768665	2720.5247788057054	545.599583967659	1.0002997728163552	1.5
0.0016226888802819705	0.00021155581386435733	2720.6320753574378	545.6158510289519	1.0002968437218427	1.5
0.001622704468565825	0.00021156143132773734	2720.7382423919676	545.6319595313448	1.0002939448526462	1.5
0.001622719893765362	0.0002115669901750203	2720.8432914773493	545.6479111020271	1.0002910758997765	1.5
0.0016227351575608087	0.00021157249100782903	2720.947234061946	545.6637073514859	1.0002882365588275	1.5
0.0016227502616151226	0.0002115779344219635	2721.050081482595	545.6793498742456	1.0002854265269683	1.5
0.0016227652075745391	0.00021158332100697125	2721.1518449589407	545.6948402484693	1.0002826455057774	1.5
0.0016227799970683732	0.00021158865134667516	2721.2525356010333	545.710180036651	1.0002798931984618	1.5
0.0016227946317095398	0.0002115939260187808	2721.3521644041803	545.7253707852539	1.000277169312497	1.5
0.0016228091130943733	0.00021159914559536774	2721.4507422560177	545.7404140253633	1.0002744735570026	1.5
0.001622823442803124	0.00021160431064252866	2721.5482799318115	545.7553112723585	1.0002718056452349	1.5
0.0016228376223998	0.00021160942172082734	2721.644788101063	545.7700640265248	1.0002691652921467	1.5
0.001622851653432627	0.00021161447938497027	2721.7402773232416	545.784673772761	1.0002665522166374	1.5
0.001622865537433922	0.0002116194841842298	2721.834758053912	545.7991419811539	1.0002639661393586	1.5
0.0016228792759205254	0.00021162443666214662	2721.9282406408984	545.8134701067128	1.0002614067847944	1.5
0.0016228928703936867	0.0002116293373569226	2722.020735329974	545.8276595899139	1.0002588738791762	1.5
0.0016229063223394762	0.00021163418680115054	2722.112252261396	545.8417118564623	1.0002563671524247	1.5
0.001622919633228695	0.00021163898552217753	2722.202801475203	545.8556283177969	1.0002538863362742	1.5
0.0016229328045172557	0.00021164373404186114	2722.2923929080953	545.8694103708913	1.000251431166014	1.5
0.0016229458376461094	0.00021164843287690713	2722.381036398369	545.883059398719	1.0002490013787433	1.5
0.0016229587340416067	0.00021165308253864778	2722.4687416831116	545.8965767700777	1.0002465967149956	1.5
0.0016229714951154414	0.00021165768353335516	2722.555518402784	545.9099638400331	1.000244216917147	1.5
0.001622984122264991	0.00021166223636204188	2722.6413760987257	545.923221949761	1.0002418617308937	1.5
0.0016229966168732723	0.0002116667415207515	2722.7263242174213	545.9363524269636	1.0002395309037901	1.5
0.0016230089803092628	0.00021167119950037886	2722.8103721082593	545.9493565857365	1.0002372241865827	1.5
0.0016230212139278703	0.0002116756107869402	2722.8935290275217	545.9622357269558	1.000234941331883	1.5
0.001623033319070239	0.00021167997586141055	2722.9758041363784	545.974991138166	1.0002326820954184	1.5
0.0016230452970637272	0.00021168429519997532	2723.05720650461	545.987624093944	1.0002304462347666	1.5
0.0016230571492221975	0.00021168856927388562	2723.137745108845	546.0001358558076	1.00022823351052	1.5
0.0016230688768460071	0.00021169279854968943	2723.2174288360025	546.0125276725488	1.000226043685137	1.5
0.0016230804812222813	0.0002116969834891039	2723.296266481755	546.0248007801681	1.0002238765239855	1.5
0.0016230919636249128	0.00021170112454923089	2723.374266753754	546.0369564021861	1.0002217317943085	1.5
0.0016231033253148212	0.0002117052221824403	2723.451438270233	546.0489957495848	1.0002196092661393	1.5
0.0016231145675399648	0.00021170927683657415	2723.5277895630825	546.0609200211102	1.0002175087114293	1.5
0.00162312569153558	0.00021171328895484048	2723.6033290765927	546.0727304032218	1.0002154299048078	1.5
0.0016231366985242034	0.00021171725897600353	2723.6780651703166	546.0844280703786	1.0002133726227849	1.5
0.0016231475897159056	0.00021172118733428933	2723.752006118	546.0960141849989	1.0002113366445438	1.5
0.001623158366308311	0.00021172507445956428	2723.8251601102547	546.1074898977349	1.0002093217510897	1.5
0.0016231690294868217	0.0002117289207772511	2723.8975352536286	546.1188563474437	1.00020732772601	1.5
0.001623179580424649	0.00021173272670849341	2723.969139573102	546.1301146614386	1.0002053543547396	1.5
0.001623190020283022	0.00021173649267008373	2724.0399810113017	546.141265955476	1.0002034014251933	1.5
0.001623200350211226	0.0002117402190746173	2724.1100674308495	546.1523113339974	1.0002014687271439	1.5
0.0016232105713468003	0.00021174390633042686	2724.17940661367	546.1632518901174	1.0001995560527588	1.5
0.0016232206848155832	0.00021174755484172782	2724.248006263212	546.1740887058551	1.0001976631960534	1.5
0.0016232306917319005	0.0002117511650085617	2724.315874003871	546.1848228521332	1.0001957899533775	1.5
0.0016232405931986113	0.00021175473722693058	2724.383017383063	546.1954553889937	1.0001939361228898	1.5
0.0016232503903072916	0.00021175827188874862	2724.449443870752	546.2059873656058	1.0001921015050361	1.5
0.001623260084138285	0.00021176176938196754	2724.5151608613974	546.216419820472	1.0001902859020602	1.5
0.0016232696757608744	0.00021176523009053573	2724.5801756735837	546.2267537814391	1.0001884891184263	1.5
0.0016232791662333364	0.0002117686543945157	2724.6444955518464	546.2369902658996	1.0001867109603615	1.5
0.0016242966920399257	0.00021243788112002766	2736.534915277317	547.331762316243	1.0000000000105633	1.5
