1	0.00199178	7.52684e-05	1064.02	1050	105	518.075	44.0946	44.0946	176.379	176.379	0 17729.8 9353.51 	27083.3	6.57422	6.55445	670	670	0.00897715	0	1.02	1.02
2	0.00199414	7.39701e-05	1046.55	1050	105	500.684	44.0865	44.0865	176.346	176.346	0 18062.4 9598.75 	27661.1	6.55093	6.55445	670	670	0.00906123	0	1.02	1.02
3	0.00199313	7.45569e-05	1054.48	1050	105	508.554	44.0926	44.0926	176.37	176.37	0 17911.1 9489.83 	27401	6.56086	6.55445	670	670	0.00902631	0	1.02	1.02
4	0.00199382	7.41673e-05	1049.23	1050	105	503.397	44.0829	44.0829	176.331	176.331	0 18011.5 9562.34 	27573.8	6.55406	6.55445	670	670	0.00904995	0	1.02	1.02
5	0.00199351	7.43574e-05	1051.8	1050	105	505.89	44.0914	44.0914	176.366	176.366	0 17962.6 9528.46 	27491.1	6.55713	6.55445	670	670	0.00904005	0	1.02	1.02
6	0.00199371	7.42411e-05	1050.23	1050	105	504.418	44.0812	44.0812	176.325	176.325	0 17992.5 9549.01 	27541.6	6.55517	6.55445	670	670	0.00904599	0	1.02	1.02
7	0.00199362	7.43013e-05	1051.05	1050	105	505.147	44.0903	44.0903	176.361	176.361	0 17977.1 9539.2 	27516.3	6.55609	6.55445	670	670	0.00904375	0	1.02	1.02
8	0.00199367	7.42668e-05	1050.58	1050	105	504.779	44.0801	44.0801	176.32	176.32	0 17986 9544.29 	27530.3	6.55556	6.55445	670	670	0.00904453	0	1.02	1.02
9	0.00199364	7.42886e-05	1050.88	1050	105	504.986	44.0892	44.0892	176.357	176.357	0 17980.4 9541.49 	27521.9	6.55587	6.55445	670	670	0.00904444	0	1.02	1.02
10	0.00199366	7.42735e-05	1050.67	1050	105	504.881	44.079	44.079	176.316	176.316	0 17984.2 9542.96 	27527.2	6.55567	6.55445	670	670	0.00904406	0	1.02	1.02
11	0.00206575	8.53092e-05	1252.9	1050	105	706.884	44.1016	44.1016	176.407	176.407	0 24336 11405.9 	35741.9	6.48229	6.55445	1005	670	0.0128902	0	1.122	1.02
12	0.002071	8.54682e-05	1258.41	1050	105	713.407	44	44	176	176	0 24352.4 11537.5 	35889.9	6.43314	6.55445	1005	670	0.0130962	0	1.122	1.02
13	0.00208811	7.8956e-05	1170.14	1050	105	628.728	43.6415	43.6415	174.566	174.566	0 26578.7 13009.6 	39588.3	6.27631	6.55445	1005	670	0.0137314	0	1.122	1.02
14	0.00190019	0.000122937	1679.85	1050	105	1133.99	44.0856	44.0856	176.342	176.342	0 15533.9 3670.01 	19203.9	8.32866	6.55445	1005	670	0.00556096	0	1.122	1.02
15	0.00204124	9.0967e-05	1322.25	1050	105	781.064	43.619	43.619	174.476	174.476	0 22551.5 9769.11 	32320.6	6.71866	6.55445	1005	670	0.0116515	0	1.122	1.02
16	0.00207551	8.22476e-05	1212.65	1050	105	671.604	43.6044	43.6044	174.418	174.418	0 25361.1 11949.2 	37310.2	6.39131	6.55445	1005	670	0.0130703	0	1.122	1.02
17	0.00189926	0.000119932	1636.76	1050	105	1095.49	43.6273	43.6273	174.509	174.509	0 15915.3 3698.12 	19613.4	8.34086	6.55445	1005	670	0.00545984	0	1.122	1.02
18	0.00204122	9.05118e-05	1315.48	1050	105	774.959	43.5524	43.5524	174.209	174.209	0 22664.7 9737.22 	32402	6.71882	6.55445	1005	670	0.011554	0	1.122	1.02
19	0.00207569	8.1476e-05	1201.16	1050	105	664.626	43.153	43.153	172.612	172.612	0 25603.5 11992.4 	37595.9	6.38963	6.55445	1005	670	0.0129933	0	1.122	1.02
20	0.00190032	0.00011983	1636.22	1050	105	1095.58	43.5639	43.5639	174.256	174.256	0 15937.8 3685.45 	19623.2	8.32686	6.55445	1005	670	0.00543931	0	1.122	1.02
21	0.00204165	9.01527e-05	1310.42	1050	105	774.293	43.1129	43.1129	172.451	172.451	0 22759.8 9741.45 	32501.3	6.71458	6.55445	1005	670	0.0115146	0	1.122	1.02
22	0.00207633	8.14858e-05	1201.67	1050	105	665.741	43.0926	43.0926	172.371	172.371	0 25608.3 11937.9 	37546.2	6.38373	6.55445	1005	670	0.0129397	0	1.122	1.02
23	0.00189908	0.000119823	1635.08	1050	105	1098.71	43.1377	43.1377	172.551	172.551	0 15928.3 3651.59 	19579.9	8.3432	6.55445	1005	670	0.00538561	0	1.122	1.02
24	0.0020415	9.03254e-05	1312.89	1050	105	777.331	43.0562	43.0562	172.225	172.225	0 22714.7 9653.2 	32367.9	6.71603	6.55445	1005	670	0.0114318	0	1.122	1.02
25	0.00207631	8.13445e-05	1199.53	1050	105	667.783	42.6752	42.6752	170.701	170.701	0 25652.6 11897 	37549.6	6.38386	6.55445	1005	670	0.0128726	0	1.122	1.02
26	0.00189966	0.000119907	1636.75	1050	105	1100.92	43.0824	43.0824	172.33	172.33	0 15922 3624.77 	19546.7	8.33557	6.55445	1005	670	0.0053515	0	1.122	1.02
27	0.00204192	9.00505e-05	1309.07	1050	105	777.591	42.6483	42.6483	170.593	170.593	0 22788.6 9652.07 	32440.7	6.71191	6.55445	1005	670	0.0113972	0	1.122	1.02
28	0.00207687	8.13741e-05	1200.3	1050	105	669.074	42.6222	42.6222	170.489	170.489	0 25650.1 11842.4 	37492.6	6.37871	6.55445	1005	670	0.0128216	0	1.122	1.02
29	0.00189854	0.000119904	1635.78	1050	105	1103.91	42.6866	42.6866	170.746	170.746	0 15912.9 3595.7 	19508.6	8.35033	6.55445	1005	670	0.00530543	0	1.122	1.02
30	0.00204177	9.0221e-05	1311.51	1050	105	780.523	42.5988	42.5988	170.395	170.395	0 22743.9 9569.09 	32313	6.71338	6.55445	1005	670	0.0113202	0	1.122	1.02
31	0.00207687	8.12455e-05	1198.36	1050	105	671.012	42.2346	42.2346	168.939	168.939	0 25690.7 11804 	37494.7	6.37878	6.55445	1005	670	0.0127594	0	1.122	1.02
32	0.00189902	0.000119987	1637.34	1050	105	1105.96	42.6383	42.6383	170.553	170.553	0 15906.1 3568.99 	19475.1	8.34402	6.55445	1005	670	0.00527106	0	1.122	1.02
33	0.00204216	8.99597e-05	1307.87	1050	105	780.674	42.22	42.22	168.88	168.88	0 22814.3 9568.21 	32382.5	6.70956	6.55445	1005	670	0.0112878	0	1.122	1.02
34	0.00207738	8.12718e-05	1199.05	1050	105	672.161	42.1884	42.1884	168.754	168.754	0 25688.7 11753.3 	37442	6.37406	6.55445	1005	670	0.0127119	0	1.122	1.02
35	0.001898	0.000119981	1636.4	1050	105	1108.69	42.2707	42.2707	169.083	169.083	0 15898.3 3543.96 	19442.2	8.3575	6.55445	1005	670	0.00523107	0	1.122	1.02
36	0.00204201	9.01225e-05	1310.2	1050	105	783.43	42.177	42.177	168.708	168.708	0 22771.5 9490.76 	32262.2	6.71101	6.55445	1005	670	0.0112164	0	1.122	1.02
37	0.00207738	8.11527e-05	1197.25	1050	105	673.969	41.8284	41.8284	167.314	167.314	0 25726.3 11717.5 	37443.9	6.37408	6.55445	1005	670	0.0126542	0	1.122	1.02
38	0.00189839	0.000120061	1637.85	1050	105	1110.56	42.2288	42.2288	168.915	168.915	0 15891.2 3517.88 	19409.1	8.35225	6.55445	1005	670	0.00519719	0	1.122	1.02
39	0.00204237	8.98745e-05	1306.74	1050	105	783.492	41.8251	41.8251	167.3	167.3	0 22838.3 9490.11 	32328.5	6.70746	6.55445	1005	670	0.011186	0	1.122	1.02
40	0.00207785	8.11763e-05	1197.87	1050	105	674.991	41.7884	41.7884	167.153	167.153	0 25724.7 11670.5 	37395.2	6.36974	6.55445	1005	670	0.01261	0	1.122	1.02
41	0.00189746	0.000120051	1636.94	1050	105	1113.06	41.8873	41.8873	167.549	167.549	0 15884.4 3496.25 	19380.7	8.36462	6.55445	1005	670	0.00516235	0	1.122	1.02
42	0.00204223	9.00297e-05	1308.96	1050	105	786.076	41.788	41.788	167.152	167.152	0 22797.4 9417.86 	32215.2	6.70889	6.55445	1005	670	0.0111196	0	1.122	1.02
43	0.00207785	8.10658e-05	1196.21	1050	105	676.673	41.454	41.454	165.816	165.816	0 25759.8 11637.2 	37396.9	6.36973	6.55445	1005	670	0.0125565	0	1.122	1.02
44	0.00189779	0.000120128	1638.29	1050	105	1114.78	41.8511	41.8511	167.404	167.404	0 15877.3 3471.17 	19348.5	8.36019	6.55445	1005	670	0.00512955	0	1.122	1.02
45	0.00204256	8.97947e-05	1305.68	1050	105	786.066	41.461	41.461	165.844	165.844	0 22860.8 9417.45 	32278.2	6.70558	6.55445	1005	670	0.0110913	0	1.122	1.02
46	0.00207828	8.10872e-05	1196.78	1050	105	677.585	41.4194	41.4194	165.678	165.678	0 25758.4 11593.6 	37352	6.36574	6.55445	1005	670	0.0125154	0	1.122	1.02
47	0.00189693	0.000120116	1637.41	1050	105	1117.07	41.5338	41.5338	166.135	166.135	0 15871.4 3452.33 	19323.7	8.37165	6.55445	1005	670	0.00509896	0	1.122	1.02
48	0.00204242	8.99423e-05	1307.78	1050	105	788.487	41.4292	41.4292	165.717	165.717	0 22821.6 9350.06 	32171.7	6.707	6.55445	1005	670	0.0110297	0	1.122	1.02
49	0.00207829	8.09845e-05	1195.24	1050	105	679.148	41.1088	41.1088	164.435	164.435	0 25791.1 11562.5 	37353.6	6.36572	6.55445	1005	670	0.0124658	0	1.122	1.02
50	0.00189721	0.000120189	1638.66	1050	105	1118.63	41.5028	41.5028	166.011	166.011	0 15864.1 3428.29 	19292.4	8.36797	6.55445	1005	670	0.00506734	0	1.122	1.02
51	0.00204273	8.97199e-05	1304.67	1050	105	788.417	41.1254	41.1254	164.502	164.502	0 22881.7 9349.82 	32231.5	6.70393	6.55445	1005	670	0.0110032	0	1.122	1.02
52	0.00207869	8.10038e-05	1195.75	1050	105	679.961	41.0793	41.0793	164.317	164.317	0 25789.9 11522.2 	37312.1	6.36204	6.55445	1005	670	0.0124277	0	1.122	1.02
53	0.00189641	0.000120176	1637.81	1050	105	1120.73	41.208	41.208	164.832	164.832	0 15859.1 3411.97 	19271	8.37856	6.55445	1005	670	0.0050406	0	1.122	1.02
54	0.00204259	8.98602e-05	1306.67	1050	105	790.681	41.0984	41.0984	164.394	164.394	0 22844.4 9287.04 	32131.5	6.70532	6.55445	1005	670	0.010946	0	1.122	1.02
55	0.00207869	8.09083e-05	1194.32	1050	105	681.411	40.7906	40.7906	163.162	163.162	0 25820.4 11493.3 	37313.7	6.36201	6.55445	1005	670	0.0123816	0	1.122	1.02
56	0.00189664	0.000120245	1638.98	1050	105	1122.16	41.1817	41.1817	164.727	164.727	0 15852 3389.25 	19241.2	8.37541	6.55445	1005	670	0.0050106	0	1.122	1.02
57	0.00204288	8.96499e-05	1303.72	1050	105	790.564	40.8161	40.8161	163.264	163.264	0 22901.2 9287.01 	32188.3	6.70245	6.55445	1005	670	0.0109213	0	1.122	1.02
58	0.00207906	8.0926e-05	1194.79	1050	105	682.137	40.7656	40.7656	163.062	163.062	0 25819.3 11456 	37275.3	6.35862	6.55445	1005	670	0.0123464	0	1.122	1.02
59	0.0018959	0.000120232	1638.16	1050	105	1124.09	40.9077	40.9077	163.631	163.631	0 15847.5 3374.92 	19222.4	8.38531	6.55445	1005	670	0.00498694	0	1.122	1.02
60	0.00204274	8.9783e-05	1305.61	1050	105	792.68	40.7934	40.7934	163.174	163.174	0 22865.7 9228.47 	32094.2	6.70383	6.55445	1005	670	0.0108682	0	1.122	1.02
61	0.00207906	8.08369e-05	1193.45	1050	105	683.482	40.4973	40.4973	161.989	161.989	0 25847.8 11429.1 	37276.9	6.35859	6.55445	1005	670	0.0123035	0	1.122	1.02
62	0.0018961	0.000120296	1639.24	1050	105	1125.39	40.8856	40.8856	163.542	163.542	0 15840.7 3353.58 	19194.3	8.3826	6.55445	1005	670	0.00495867	0	1.122	1.02
63	0.00204301	8.95844e-05	1302.83	1050	105	792.524	40.5309	40.5309	162.124	162.124	0 22919.5 9228.66 	32148.1	6.70115	6.55445	1005	670	0.0108453	0	1.122	1.02
64	0.0020794	8.08533e-05	1193.89	1050	105	684.13	40.4763	40.4763	161.905	161.905	0 25846.8 11394.6 	37241.4	6.35546	6.55445	1005	670	0.012271	0	1.122	1.02
65	0.0018954	0.000120283	1638.46	1050	105	1127.15	40.6308	40.6308	162.523	162.523	0 15836.7 3340.96 	19177.6	8.39191	6.55445	1005	670	0.00493767	0	1.122	1.02
66	0.00204287	8.97106e-05	1304.62	1050	105	794.501	40.5121	40.5121	162.049	162.049	0 22885.7 9174.08 	32059.8	6.70251	6.55445	1005	670	0.0107959	0	1.122	1.02
67	0.00207941	8.07702e-05	1192.64	1050	105	685.374	40.2269	40.2269	160.908	160.908	0 25873.4 11369.5 	37243	6.35544	6.55445	1005	670	0.0122311	0	1.122	1.02
68	0.00189558	0.000120343	1639.46	1050	105	1128.34	40.6125	40.6125	162.45	162.45	0 15830.2 3321 	19151.2	8.38955	6.55445	1005	670	0.00491116	0	1.122	1.02
69	0.00204313	8.9523e-05	1301.99	1050	105	794.313	40.2681	40.2681	161.072	161.072	0 22936.5 9174.47 	32111	6.70001	6.55445	1005	670	0.0107747	0	1.122	1.02
70	0.00207972	8.07853e-05	1193.05	1050	105	685.953	40.2096	40.2096	160.838	160.838	0 25872.5 11337.7 	37210.3	6.35255	6.55445	1005	670	0.0122011	0	1.122	1.02
71	0.00189492	0.000120329	1638.71	1050	105	1129.96	40.3757	40.3757	161.503	161.503	0 15826.5 3309.87 	19136.3	8.39833	6.55445	1005	670	0.00489246	0	1.122	1.02
72	0.00204299	8.96426e-05	1303.69	1050	105	796.158	40.2528	40.2528	161.011	161.011	0 22904.4 9123.59 	32028	6.70136	6.55445	1005	670	0.0107288	0	1.122	1.02
73	0.00207972	8.07076e-05	1191.88	1050	105	687.103	39.9777	39.9777	159.911	159.911	0 25897.4 11314.4 	37211.8	6.35254	6.55445	1005	670	0.012164	0	1.122	1.02
74	0.00189507	0.000120386	1639.64	1050	105	1131.03	40.3607	40.3607	161.443	161.443	0 15820.3 3291.26 	19111.6	8.39627	6.55445	1005	670	0.0048677	0	1.122	1.02
75	0.00204323	8.94656e-05	1301.2	1050	105	795.945	40.0258	40.0258	160.103	160.103	0 22952.4 9124.16 	32076.5	6.69902	6.55445	1005	670	0.0107091	0	1.122	1.02
76	0.00208001	8.07217e-05	1192.26	1050	105	687.619	39.9636	39.9636	159.854	159.854	0 25896.5 11285.1 	37181.6	6.34987	6.55445	1005	670	0.0121363	0	1.122	1.02
77	0.00189445	0.000120372	1638.92	1050	105	1132.52	40.1404	40.1404	160.562	160.562	0 15816.9 3281.41 	19098.3	8.40457	6.55445	1005	670	0.00485101	0	1.122	1.02
78	0.00204309	8.95788e-05	1302.8	1050	105	797.666	40.0136	40.0136	160.054	160.054	0 22921.8 9076.74 	31998.6	6.70035	6.55445	1005	670	0.0106665	0	1.122	1.02
79	0.00208001	8.0649e-05	1191.16	1050	105	688.682	39.748	39.748	158.992	158.992	0 25919.9 11263.4 	37183.2	6.34987	6.55445	1005	670	0.0121019	0	1.122	1.02
80	0.00189458	0.000120425	1639.78	1050	105	1133.49	40.1285	40.1285	160.514	160.514	0 15811.1 3264.12 	19075.2	8.40277	6.55445	1005	670	0.00482797	0	1.122	1.02
81	0.00204332	8.94117e-05	1300.46	1050	105	797.434	39.8025	39.8025	159.21	159.21	0 22967.2 9077.48 	32044.6	6.69816	6.55445	1005	670	0.0106482	0	1.122	1.02
82	0.00208028	8.06621e-05	1191.51	1050	105	689.142	39.7368	39.7368	158.947	158.947	0 25919 11236.3 	37155.4	6.34741	6.55445	1005	670	0.0120763	0	1.122	1.02
83	0.00189399	0.000120412	1639.09	1050	105	1134.86	39.9236	39.9236	159.694	159.694	0 15807.9 3255.38 	19063.3	8.41064	6.55445	1005	670	0.00481304	0	1.122	1.02
84	0.00204318	8.9519e-05	1301.97	1050	105	799.039	39.7929	39.7929	159.172	159.172	0 22938.1 9033.29 	31971.4	6.69948	6.55445	1005	670	0.0106086	0	1.122	1.02
85	0.00208028	8.05941e-05	1190.48	1050	105	690.123	39.5362	39.5362	158.145	158.145	0 25940.9 11216.1 	37157	6.34742	6.55445	1005	670	0.0120443	0	1.122	1.02
86	0.00189411	0.000120461	1639.88	1050	105	1135.74	39.9143	39.9143	159.657	159.657	0 15802.5 3239.36 	19041.8	8.40906	6.55445	1005	670	0.00479165	0	1.122	1.02
87	0.00204339	8.93613e-05	1299.76	1050	105	798.79	39.5966	39.5966	158.386	158.386	0 22981 9034.18 	32015.1	6.69742	6.55445	1005	670	0.0105917	0	1.122	1.02
88	0.00208053	8.06062e-05	1190.81	1050	105	690.532	39.5275	39.5275	158.11	158.11	0 25940.1 11191.2 	37131.3	6.34515	6.55445	1005	670	0.0120208	0	1.122	1.02
89	0.00189355	0.000120448	1639.23	1050	105	1136.99	39.7237	39.7237	158.895	158.895	0 15799.5 3231.61 	19031.1	8.41653	6.55445	1005	670	0.00477828	0	1.122	1.02
90	0.00204326	8.94628e-05	1301.18	1050	105	800.286	39.5894	39.5894	158.358	158.358	0 22953.4 8993 	31946.4	6.69873	6.55445	1005	670	0.0105549	0	1.122	1.02
91	0.00208053	8.05425e-05	1189.85	1050	105	691.437	39.3409	39.3409	157.364	157.364	0 25960.6 11172.5 	37133	6.34518	6.55445	1005	670	0.0119909	0	1.122	1.02
92	0.00189365	0.000120493	1639.96	1050	105	1137.79	39.7167	39.7167	158.867	158.867	0 15794.4 3216.78 	19011.2	8.41515	6.55445	1005	670	0.00475846	0	1.122	1.02
93	0.00204345	8.93141e-05	1299.09	1050	105	800.025	39.4067	39.4067	157.627	157.627	0 22993.8 8994.04 	31987.9	6.69681	6.55445	1005	670	0.0105392	0	1.122	1.02
94	0.00208075	8.05538e-05	1190.14	1050	105	691.799	39.3345	39.3345	157.338	157.338	0 25959.8 11149.6 	37109.4	6.34308	6.55445	1005	670	0.0119694	0	1.122	1.02
95	0.00189312	0.000120481	1639.33	1050	105	1138.94	39.5393	39.5393	158.157	158.157	0 15791.6 3209.9 	19001.5	8.42224	6.55445	1005	670	0.00474648	0	1.122	1.02
96	0.00204332	8.941e-05	1300.44	1050	105	801.42	39.4017	39.4017	157.607	157.607	0 22967.7 8955.67 	31923.4	6.69809	6.55445	1005	670	0.0105051	0	1.122	1.02
97	0.00208075	8.04941e-05	1189.24	1050	105	692.634	39.1608	39.1608	156.643	156.643	0 25979 11132.1 	37111.1	6.34312	6.55445	1005	670	0.0119416	0	1.122	1.02
98	0.00189321	0.000120523	1640	1050	105	1139.66	39.5344	39.5344	158.138	158.138	0 15786.9 3196.19 	18983	8.42103	6.55445	1005	670	0.00472814	0	1.122	1.02
99	0.00204351	8.92697e-05	1298.47	1050	105	801.15	39.2316	39.2316	156.927	156.927	0 23005.8 8956.83 	31962.7	6.69629	6.55445	1005	670	0.0104906	0	1.122	1.02
100	0.00208096	8.05045e-05	1189.52	1050	105	692.955	39.1564	39.1564	156.626	156.626	0 25978.2 11111.1 	37089.3	6.34119	6.55445	1005	670	0.0119218	0	1.122	1.02
101	0.00189271	0.000120511	1639.4	1050	105	1140.71	39.3693	39.3693	157.477	157.477	0 15784.3 3190.1 	18974.4	8.42778	6.55445	1005	670	0.00471741	0	1.122	1.02
102	0.00204338	8.93605e-05	1299.73	1050	105	802.45	39.2285	39.2285	156.914	156.914	0 22981 8921.09 	31902.1	6.69756	6.55445	1005	670	0.0104589	0	1.122	1.02
103	0.00208096	8.04485e-05	1188.67	1050	105	693.725	38.9948	38.9948	155.979	155.979	0 25996.3 11094.9 	37091.1	6.34124	6.55445	1005	670	0.0118959	0	1.122	1.02
104	0.00189279	0.00012055	1640.02	1050	105	1141.36	39.3662	39.3662	157.465	157.465	0 15779.8 3177.45 	18957.2	8.42672	6.55445	1005	670	0.00470046	0	1.122	1.02
105	0.00204355	8.92281e-05	1297.88	1050	105	802.174	39.0702	39.0702	156.281	156.281	0 23017 8922.36 	31939.4	6.69588	6.55445	1005	670	0.0104454	0	1.122	1.02
106	0.00208115	8.04582e-05	1188.93	1050	105	694.007	38.9921	38.9921	155.968	155.968	0 25995.5 11075.5 	37071.1	6.33947	6.55445	1005	670	0.0118777	0	1.122	1.02
107	0.0018923	0.000120538	1639.45	1050	105	1142.32	39.2125	39.2125	156.85	156.85	0 15777.3 3172.06 	18949.4	8.43315	6.55445	1005	670	0.00469086	0	1.122	1.02
108	0.00204342	8.93139e-05	1299.07	1050	105	803.385	39.0686	39.0686	156.274	156.274	0 22993.5 8889.06 	31882.6	6.69712	6.55445	1005	670	0.010416	0	1.122	1.02
109	0.00208115	8.04069e-05	1188.15	1050	105	694.737	38.8416	38.8416	155.366	155.366	0 26012.8 11060.4 	37073.3	6.33951	6.55445	1005	670	0.0118538	0	1.122	1.02
110	0.00189237	0.000120576	1640.04	1050	105	1142.93	39.2109	39.2109	156.844	156.844	0 15772.8 3160.25 	18933.1	8.43232	6.55445	1005	670	0.00467508	0	1.122	1.02
111	0.00204358	8.91884e-05	1297.31	1050	105	803.095	38.9212	38.9212	155.685	155.685	0 23027.7 8890.49 	31918.1	6.69555	6.55445	1005	670	0.0104035	0	1.122	1.02
112	0.00208132	8.04148e-05	1188.37	1050	105	694.965	38.8404	38.8404	155.361	155.361	0 26011.7 11042.7 	37054.4	6.3379	6.55445	1005	670	0.0118369	0	1.122	1.02
113	0.00189192	0.000120562	1639.46	1050	105	1143.79	39.0677	39.0677	156.271	156.271	0 15770.9 3155.64 	18926.5	8.43836	6.55445	1005	670	0.00466662	0	1.122	1.02
114	0.00204346	8.92702e-05	1298.44	1050	105	804.233	38.921	38.921	155.684	155.684	0 23005.2 8859.41 	31864.6	6.69677	6.55445	1005	670	0.0103763	0	1.122	1.02
115	0.00208131	8.03652e-05	1187.62	1050	105	695.617	38.7002	38.7002	154.801	154.801	0 26027.7 11028.7 	37056.4	6.33797	6.55445	1005	670	0.0118145	0	1.122	1.02
116	0.00189197	0.000120596	1639.99	1050	105	1144.31	39.0676	39.0676	156.27	156.27	0 15766.9 3144.9 	18911.8	8.43759	6.55445	1005	670	0.00465223	0	1.122	1.02
117	0.00204361	8.91523e-05	1296.78	1050	105	803.948	38.7837	38.7837	155.135	155.135	0 23037.3 8860.85 	31898.1	6.69531	6.55445	1005	670	0.0103647	0	1.122	1.02
118	0.00208148	8.03736e-05	1187.84	1050	105	695.833	38.7003	38.7003	154.801	154.801	0 26027 11012.5 	37039.5	6.33647	6.55445	1005	670	0.0117992	0	1.122	1.02
119	0.00189154	0.000120585	1639.46	1050	105	1145.12	38.9342	38.9342	155.737	155.737	0 15764.8 3140.67 	18905.5	8.44341	6.55445	1005	670	0.00464448	0	1.122	1.02
120	0.00204349	8.92289e-05	1297.85	1050	105	804.999	38.7847	38.7847	155.139	155.139	0 23016.1 8831.99 	31848.1	6.6965	6.55445	1005	670	0.0103394	0	1.122	1.02
121	0.00208147	8.03271e-05	1187.13	1050	105	696.435	38.5697	38.5697	154.279	154.279	0 26042 10999.5 	37041.5	6.33656	6.55445	1005	670	0.0117784	0	1.122	1.02
122	0.00189159	0.000120616	1639.94	1050	105	1145.59	38.9351	38.9351	155.741	155.741	0 15761.1 3130.8 	18891.9	8.44276	6.55445	1005	670	0.00463124	0	1.122	1.02
123	0.00204362	8.91178e-05	1296.28	1050	105	804.715	38.6567	38.6567	154.627	154.627	0 23046.4 8833.49 	31879.9	6.69514	6.55445	1005	670	0.0103287	0	1.122	1.02
124	0.00208162	8.03348e-05	1187.33	1050	105	696.622	38.5709	38.5709	154.284	154.284	0 26041.4 10984.6 	37025.9	6.33518	6.55445	1005	670	0.0117644	0	1.122	1.02
125	0.00189117	0.000120605	1639.44	1050	105	1146.33	38.8108	38.8108	155.243	155.243	0 15759.1 3127.05 	18886.2	8.44829	6.55445	1005	670	0.00462428	0	1.122	1.02
126	0.00204351	8.91901e-05	1297.28	1050	105	805.694	38.6588	38.6588	154.635	154.635	0 23026.4 8806.63 	31833	6.69631	6.55445	1005	670	0.0103052	0	1.122	1.02
127	0.00208161	8.02911e-05	1186.67	1050	105	697.176	38.4492	38.4492	153.797	153.797	0 26055.4 10972.6 	37027.9	6.33528	6.55445	1005	670	0.0117449	0	1.122	1.02
128	0.00189121	0.000120634	1639.88	1050	105	1146.75	38.8128	38.8128	155.251	155.251	0 15755.6 3117.99 	18873.6	8.44777	6.55445	1005	670	0.00461212	0	1.122	1.02
129	0.00204363	8.90853e-05	1295.81	1050	105	805.411	38.5395	38.5395	154.158	154.158	0 23054.9 8808.18 	31863.1	6.69504	6.55445	1005	670	0.0102953	0	1.122	1.02
130	0.00208175	8.02982e-05	1186.85	1050	105	697.337	38.4514	38.4514	153.805	153.805	0 26054.8 10958.9 	37013.7	6.33402	6.55445	1005	670	0.0117321	0	1.122	1.02
131	0.00189082	0.000120623	1639.4	1050	105	1147.43	38.6969	38.6969	154.788	154.788	0 15753.8 3114.68 	18868.5	8.45303	6.55445	1005	670	0.00460586	0	1.122	1.02
132	0.00204352	8.91535e-05	1296.75	1050	105	806.323	38.5424	38.5424	154.17	154.17	0 23036 8783.18 	31819.1	6.69618	6.55445	1005	670	0.0102735	0	1.122	1.02
133	0.00208174	8.02571e-05	1186.23	1050	105	697.847	38.3379	38.3379	153.352	153.352	0 26068 10947.7 	37015.8	6.33412	6.55445	1005	670	0.011714	0	1.122	1.02
134	0.00189085	0.00012065	1639.8	1050	105	1147.81	38.6997	38.6997	154.799	154.799	0 15750.5 3106.36 	18856.9	8.45261	6.55445	1005	670	0.00459469	0	1.122	1.02
135	0.00204364	8.90546e-05	1295.35	1050	105	806.041	38.4312	38.4312	153.725	153.725	0 23062.9 8784.77 	31847.7	6.695	6.55445	1005	670	0.0102644	0	1.122	1.02
136	0.00208186	8.02635e-05	1186.39	1050	105	697.985	38.3409	38.3409	153.363	153.363	0 26067.5 10935.2 	37002.8	6.33297	6.55445	1005	670	0.0117023	0	1.122	1.02
137	0.00189048	0.000120639	1639.34	1050	105	1148.42	38.5916	38.5916	154.367	154.367	0 15748.8 3103.43 	18852.3	8.45762	6.55445	1005	670	0.00458906	0	1.122	1.02
138	0.00204353	8.9119e-05	1296.24	1050	105	806.89	38.4348	38.4348	153.739	153.739	0 23045 8761.51 	31806.5	6.69611	6.55445	1005	670	0.0102442	0	1.122	1.02
139	0.00208185	8.02248e-05	1185.8	1050	105	698.454	38.235	38.235	152.94	152.94	0 26079.9 10924.9 	37004.9	6.33308	6.55445	1005	670	0.0116854	0	1.122	1.02
140	0.0018905	0.000120665	1639.71	1050	105	1148.76	38.5951	38.5951	154.38	154.38	0 15745.7 3095.8 	18841.5	8.4573	6.55445	1005	670	0.00457881	0	1.122	1.02
141	0.00204364	8.90257e-05	1294.92	1050	105	806.611	38.3311	38.3311	153.324	153.324	0 23070.4 8763.14 	31833.5	6.69501	6.55445	1005	670	0.0102357	0	1.122	1.02
142	0.00208197	8.02307e-05	1185.96	1050	105	698.571	38.2386	38.2386	152.955	152.955	0 26079.5 10913.5 	36993	6.33203	6.55445	1005	670	0.0116747	0	1.122	1.02
143	0.00189015	0.000120654	1639.26	1050	105	1149.32	38.4943	38.4943	153.977	153.977	0 15744.2 3093.23 	18837.4	8.46206	6.55445	1005	670	0.00457376	0	1.122	1.02
144	0.00204353	8.90864e-05	1295.76	1050	105	807.402	38.3353	38.3353	153.341	153.341	0 23053.4 8741.5 	31794.9	6.6961	6.55445	1005	670	0.010217	0	1.122	1.02
145	0.00208195	8.01943e-05	1185.4	1050	105	699.002	38.1399	38.1399	152.56	152.56	0 26091.2 10903.9 	36995.1	6.33214	6.55445	1005	670	0.011659	0	1.122	1.02
146	0.00189016	0.000120677	1639.6	1050	105	1149.62	38.4984	38.4984	153.993	153.993	0 15741.3 3086.23 	18827.5	8.46184	6.55445	1005	670	0.00456436	0	1.122	1.02
147	0.00204363	8.89984e-05	1294.51	1050	105	807.127	38.2385	38.2385	152.954	152.954	0 23077.4 8743.14 	31820.5	6.69508	6.55445	1005	670	0.0102091	0	1.122	1.02
148	0.00208206	8.01996e-05	1185.54	1050	105	699.1	38.1441	38.1441	152.576	152.576	0 26090.7 10893.5 	36984.2	6.33118	6.55445	1005	670	0.0116492	0	1.122	1.02
149	0.00188983	0.000120667	1639.17	1050	105	1150.13	38.4042	38.4042	153.617	153.617	0 15739.8 3083.97 	18823.8	8.46637	6.55445	1005	670	0.00455983	0	1.122	1.02
150	0.00204352	8.90557e-05	1295.3	1050	105	807.864	38.2432	38.2432	152.973	152.973	0 23061.3 8723.02 	31784.3	6.69614	6.55445	1005	670	0.0101918	0	1.122	1.02
151	0.00208204	8.01653e-05	1185.02	1050	105	699.496	38.0519	38.0519	152.208	152.208	0 26101.8 10884.7 	36986.4	6.33131	6.55445	1005	670	0.0116346	0	1.122	1.02
152	0.00188984	0.000120689	1639.48	1050	105	1150.4	38.4088	38.4088	153.635	153.635	0 15737.1 3077.56 	18814.6	8.46624	6.55445	1005	670	0.00455121	0	1.122	1.02
153	0.00204362	8.89725e-05	1294.12	1050	105	807.593	38.1528	38.1528	152.611	152.611	0 23083.9 8724.68 	31808.6	6.6952	6.55445	1005	670	0.0101845	0	1.122	1.02
154	0.00208214	8.01701e-05	1185.14	1050	105	699.577	38.0565	38.0565	152.226	152.226	0 26101.4 10875.1 	36976.5	6.33043	6.55445	1005	670	0.0116257	0	1.122	1.02
155	0.00188952	0.000120678	1639.07	1050	105	1150.86	38.3209	38.3209	153.284	153.284	0 15735.8 3075.58 	18811.3	8.47056	6.55445	1005	670	0.00454714	0	1.122	1.02
156	0.00204351	8.90266e-05	1294.86	1050	105	808.279	38.1579	38.1579	152.632	152.632	0 23068.7 8705.96 	31774.7	6.69623	6.55445	1005	670	0.0101684	0	1.122	1.02
157	0.00208213	8.01377e-05	1184.65	1050	105	699.941	37.9704	37.9704	151.882	151.882	0 26111.8 10867 	36978.7	6.33056	6.55445	1005	670	0.0116121	0	1.122	1.02
158	0.00188952	0.000120698	1639.36	1050	105	1151.1	38.3258	38.3258	153.303	153.303	0 15733.2 3069.71 	18802.9	8.4705	6.55445	1005	670	0.00453925	0	1.122	1.02
159	0.0020436	8.89481e-05	1293.75	1050	105	808.013	38.0735	38.0735	152.294	152.294	0 23090.1 8707.63 	31797.7	6.69535	6.55445	1005	670	0.0101616	0	1.122	1.02
160	0.00208221	8.0142e-05	1184.76	1050	105	700.006	37.9753	37.9753	151.901	151.901	0 26111.4 10858.3 	36969.7	6.32977	6.55445	1005	670	0.0116039	0	1.122	1.02
161	0.00188921	0.000120688	1638.96	1050	105	1151.52	38.2437	38.2437	152.975	152.975	0 15731.9 3067.99 	18799.9	8.47461	6.55445	1005	670	0.0045356	0	1.122	1.02
162	0.0020435	8.8999e-05	1294.44	1050	105	808.652	38.0788	38.0788	152.315	152.315	0 23075.7 8690.22 	31766	6.69636	6.55445	1005	670	0.0101467	0	1.122	1.02
163	0.0020822	8.01114e-05	1184.29	1050	105	700.341	37.895	37.895	151.58	151.58	0 26121.2 10850.7 	36971.9	6.3299	6.55445	1005	670	0.0115912	0	1.122	1.02
164	0.00188921	0.000120707	1639.22	1050	105	1151.73	38.2488	38.2488	152.995	152.995	0 15729.5 3062.62 	18792.1	8.47463	6.55445	1005	670	0.00452838	0	1.122	1.02
165	0.00204358	8.89249e-05	1293.39	1050	105	808.391	37.9999	37.9999	152	152	0 23095.9 8691.89 	31787.8	6.69555	6.55445	1005	670	0.0101405	0	1.122	1.02
166	0.00208228	8.01153e-05	1184.39	1050	105	700.392	37.9001	37.9001	151.6	151.6	0 26121 10842.8 	36963.8	6.32918	6.55445	1005	670	0.0115838	0	1.122	1.02
167	0.00188892	0.000120697	1638.83	1050	105	1152.11	38.1721	38.1721	152.688	152.688	0 15728.4 3061.12 	18789.5	8.47855	6.55445	1005	670	0.00452511	0	1.122	1.02
168	0.00204348	8.89729e-05	1294.04	1050	105	808.987	38.0055	38.0055	152.022	152.022	0 23082.3 8675.7 	31758	6.69653	6.55445	1005	670	0.0101267	0	1.122	1.02
169	0.00208226	8.00864e-05	1183.95	1050	105	700.699	37.825	37.825	151.3	151.3	0 26130.2 10835.8 	36966	6.32932	6.55445	1005	670	0.011572	0	1.122	1.02
170	0.00188891	0.000120714	1639.07	1050	105	1152.3	38.1774	38.1774	152.71	152.71	0 15726 3056.21 	18782.2	8.47863	6.55445	1005	670	0.0045185	0	1.122	1.02
171	0.00204356	8.89028e-05	1293.05	1050	105	808.731	37.9317	37.9317	151.727	151.727	0 23101.4 8677.38 	31778.7	6.69578	6.55445	1005	670	0.0101208	0	1.122	1.02
172	0.00208233	8.00898e-05	1184.04	1050	105	700.737	37.8303	37.8303	151.321	151.321	0 26130 10828.7 	36958.6	6.32867	6.55445	1005	670	0.0115652	0	1.122	1.02
173	0.00188864	0.000120705	1638.7	1050	105	1152.64	38.1057	38.1057	152.423	152.423	0 15725 3054.92 	18779.9	8.48237	6.55445	1005	670	0.00451558	0	1.122	1.02
174	0.00204346	8.89481e-05	1293.66	1050	105	809.286	37.9374	37.9374	151.75	151.75	0 23088.5 8662.32 	31750.8	6.69674	6.55445	1005	670	0.0101081	0	1.122	1.02
175	0.00208229	8.00738e-05	1183.78	1050	105	701.175	37.7601	37.7601	151.04	151.04	0 26134.7 10819.9 	36954.5	6.32906	6.55445	1005	670	0.0115533	0	1.122	1.02
176	0.00188857	0.000120735	1639.08	1050	105	1152.96	38.1113	38.1113	152.445	152.445	0 15720.4 3049.3 	18769.7	8.48328	6.55445	1005	670	0.0045083	0	1.122	1.02
177	0.00204354	8.88743e-05	1292.61	1050	105	808.929	37.8683	37.8683	151.473	151.473	0 23108.6 8664.81 	31773.4	6.69598	6.55445	1005	670	0.0101028	0	1.122	1.02
178	0.00208238	8.00656e-05	1183.7	1050	105	701.047	37.7656	37.7656	151.062	151.062	0 26138.4 10815.6 	36954.1	6.32825	6.55445	1005	670	0.011548	0	1.122	1.02
179	0.00188837	0.000120709	1638.54	1050	105	1153.1	38.0439	38.0439	152.176	152.176	0 15722.1 3049.41 	18771.5	8.48603	6.55445	1005	670	0.00450698	0	1.122	1.02
180	0.00204344	8.89253e-05	1293.31	1050	105	809.564	37.8743	37.8743	151.497	151.497	0 23094.1 8649.91 	31744	6.69699	6.55445	1005	670	0.0100908	0	1.122	1.02
181	0.00208237	8.00394e-05	1183.3	1050	105	701.303	37.6996	37.6996	150.798	150.798	0 26146.8 10809.7 	36956.6	6.32837	6.55445	1005	670	0.0115378	0	1.122	1.02
182	0.00188835	0.000120726	1638.76	1050	105	1153.26	38.0496	38.0496	152.199	152.199	0 15719.8 3045.21 	18765	8.4863	6.55445	1005	670	0.00450138	0	1.122	1.02
183	0.0020435	8.88617e-05	1292.4	1050	105	809.308	37.8095	37.8095	151.238	151.238	0 23111.4 8651.67 	31763.1	6.69633	6.55445	1005	670	0.0100858	0	1.122	1.02
184	0.00208243	8.00377e-05	1183.31	1050	105	701.26	37.7052	37.7052	150.821	150.821	0 26148.2 10804.8 	36953	6.32775	6.55445	1005	670	0.0115326	0	1.122	1.02
185	0.00188812	0.000120711	1638.35	1050	105	1153.48	37.9864	37.9864	151.946	151.946	0 15719.9 3044.71 	18764.6	8.48939	6.55445	1005	670	0.00449952	0	1.122	1.02
186	0.00204341	8.89053e-05	1292.99	1050	105	809.837	37.8155	37.8155	151.262	151.262	0 23099 8638.29 	31737.3	6.69727	6.55445	1005	670	0.0100748	0	1.122	1.02
187	0.00208241	8.00176e-05	1182.99	1050	105	701.56	37.6434	37.6434	150.574	150.574	0 26154.5 10798.3 	36952.8	6.32798	6.55445	1005	670	0.0115226	0	1.122	1.02
188	0.00188807	0.000120731	1638.6	1050	105	1153.68	37.9923	37.9923	151.969	151.969	0 15716.8 3040.49 	18757.3	8.48997	6.55445	1005	670	0.00449398	0	1.122	1.02
189	0.00204347	8.88424e-05	1292.1	1050	105	809.55	37.7547	37.7547	151.019	151.019	0 23116.1 8640.32 	31756.4	6.69664	6.55445	1005	670	0.0100702	0	1.122	1.02
190	0.00208246	8.00201e-05	1183.06	1050	105	701.568	37.6492	37.6492	150.597	150.597	0 26154.3 10793 	36947.3	6.32752	6.55445	1005	670	0.0115176	0	1.122	1.02
191	0.00188783	0.000120721	1638.26	1050	105	1153.93	37.9331	37.9331	151.732	151.732	0 15716.2 3039.73 	18755.9	8.4932	6.55445	1005	670	0.00449191	0	1.122	1.02
192	0.00204338	8.88811e-05	1292.61	1050	105	810.007	37.7607	37.7607	151.043	151.043	0 23105 8628.16 	31733.2	6.69754	6.55445	1005	670	0.0100601	0	1.122	1.02
193	0.00208244	7.99967e-05	1182.7	1050	105	701.787	37.5912	37.5912	150.365	150.365	0 26161.8 10787.9 	36949.6	6.32767	6.55445	1005	670	0.0115086	0	1.122	1.02
194	0.00188781	0.000120734	1638.42	1050	105	1154.03	37.9389	37.9389	151.756	151.756	0 15714.3 3036.32 	18750.6	8.4935	6.55445	1005	670	0.00448732	0	1.122	1.02
195	0.00204344	8.88246e-05	1291.81	1050	105	809.773	37.7038	37.7038	150.815	150.815	0 23120.3 8629.81 	31750.2	6.69698	6.55445	1005	670	0.0100557	0	1.122	1.02
196	0.00208249	7.99987e-05	1182.75	1050	105	701.785	37.597	37.597	150.388	150.388	0 26161.7 10783.1 	36944.8	6.32725	6.55445	1005	670	0.0115041	0	1.122	1.02
197	0.00188758	0.000120725	1638.1	1050	105	1154.26	37.8834	37.8834	151.534	151.534	0 15713.6 3035.65 	18749.2	8.4966	6.55445	1005	670	0.00448544	0	1.122	1.02
198	0.00204335	8.88607e-05	1292.29	1050	105	810.195	37.7097	37.7097	150.839	150.839	0 23109.9 8618.54 	31728.5	6.69785	6.55445	1005	670	0.0100463	0	1.122	1.02
199	0.00208247	7.99766e-05	1182.41	1050	105	701.986	37.5426	37.5426	150.17	150.17	0 26168.7 10778.4 	36947.1	6.3274	6.55445	1005	670	0.0114957	0	1.122	1.02
200	0.00188756	0.000120737	1638.25	1050	105	1154.35	37.8891	37.8891	151.557	151.557	0 15711.8 3032.55 	18744.3	8.49696	6.55445	1005	670	0.00448126	0	1.122	1.02
201	0.0020434	8.88073e-05	1291.53	1050	105	809.968	37.6563	37.6563	150.625	150.625	0 23124.4 8620.17 	31744.6	6.69735	6.55445	1005	670	0.0100423	0	1.122	1.02
202	0.00208251	7.99783e-05	1182.46	1050	105	701.978	37.5483	37.5483	150.193	150.193	0 26168.7 10774.1 	36942.8	6.32703	6.55445	1005	670	0.0114916	0	1.122	1.02
203	0.00188734	0.000120728	1637.93	1050	105	1154.56	37.8371	37.8371	151.348	151.348	0 15711.2 3032 	18743.2	8.49992	6.55445	1005	670	0.00447959	0	1.122	1.02
204	0.00204331	8.88413e-05	1291.98	1050	105	810.361	37.6621	37.6621	150.649	150.649	0 23114.6 8609.7 	31724.3	6.69819	6.55445	1005	670	0.0100336	0	1.122	1.02
205	0.0020825	7.99573e-05	1182.13	1050	105	702.162	37.4973	37.4973	149.989	149.989	0 26175.3 10769.7 	36945.1	6.32718	6.55445	1005	670	0.0114838	0	1.122	1.02
206	0.00188731	0.000120739	1638.07	1050	105	1154.64	37.8427	37.8427	151.371	151.371	0 15709.4 3029.17 	18738.6	8.50031	6.55445	1005	670	0.00447578	0	1.122	1.02
207	0.00204336	8.87907e-05	1291.26	1050	105	810.141	37.612	37.612	150.448	150.448	0 23128.3 8611.3 	31739.6	6.69773	6.55445	1005	670	0.0100299	0	1.122	1.02
208	0.00208253	7.99586e-05	1182.18	1050	105	702.148	37.5028	37.5028	150.011	150.011	0 26175.4 10765.9 	36941.2	6.32685	6.55445	1005	670	0.0114801	0	1.122	1.02
209	0.0018871	0.00012073	1637.76	1050	105	1154.83	37.7938	37.7938	151.175	151.175	0 15708.9 3028.72 	18737.6	8.50314	6.55445	1005	670	0.00447429	0	1.122	1.02
210	0.00204328	8.88227e-05	1291.68	1050	105	810.508	37.6177	37.6177	150.471	150.471	0 23119 8601.57 	31720.6	6.69855	6.55445	1005	670	0.0100218	0	1.122	1.02
211	0.00208252	7.99387e-05	1181.87	1050	105	702.316	37.4549	37.4549	149.82	149.82	0 26181.7 10761.8 	36943.5	6.327	6.55445	1005	670	0.0114727	0	1.122	1.02
212	0.00188707	0.000120741	1637.88	1050	105	1154.89	37.7993	37.7993	151.197	151.197	0 15707.2 3026.15 	18733.4	8.50358	6.55445	1005	670	0.00447082	0	1.122	1.02
213	0.00204332	8.87749e-05	1291	1050	105	810.294	37.5706	37.5706	150.282	150.282	0 23132 8603.14 	31735.1	6.69812	6.55445	1005	670	0.0100184	0	1.122	1.02
214	0.00208255	7.99397e-05	1181.9	1050	105	702.296	37.4603	37.4603	149.841	149.841	0 26181.7 10758.4 	36940.1	6.32671	6.55445	1005	670	0.0114694	0	1.122	1.02
215	0.00188687	0.000120732	1637.59	1050	105	1155.06	37.7534	37.7534	151.013	151.013	0 15706.7 3025.79 	18732.5	8.50628	6.55445	1005	670	0.00446949	0	1.122	1.02
216	0.00204324	8.8805e-05	1291.4	1050	105	810.636	37.5761	37.5761	150.304	150.304	0 23123.2 8594.1 	31717.3	6.69892	6.55445	1005	670	0.0100109	0	1.122	1.02
217	0.00208253	7.99207e-05	1181.6	1050	105	702.451	37.4153	37.4153	149.661	149.661	0 26187.7 10754.7 	36942.4	6.32687	6.55445	1005	670	0.0114626	0	1.122	1.02
218	0.00188683	0.000120742	1637.7	1050	105	1155.11	37.7586	37.7586	151.034	151.034	0 15705.2 3023.46 	18728.6	8.50675	6.55445	1005	670	0.00446633	0	1.122	1.02
219	0.00204328	8.87596e-05	1290.75	1050	105	810.43	37.5319	37.5319	150.128	150.128	0 23135.5 8595.64 	31731.1	6.69854	6.55445	1005	670	0.0100077	0	1.122	1.02
220	0.00208256	7.99215e-05	1181.63	1050	105	702.426	37.4205	37.4205	149.682	149.682	0 26187.8 10751.6 	36939.4	6.32661	6.55445	1005	670	0.0114596	0	1.122	1.02
221	0.00188664	0.000120733	1637.42	1050	105	1155.26	37.7155	37.7155	150.862	150.862	0 15704.7 3023.18 	18727.9	8.50933	6.55445	1005	670	0.00446516	0	1.122	1.02
222	0.0020432	8.8788e-05	1291.12	1050	105	810.749	37.5372	37.5372	150.149	150.149	0 23127.2 8587.24 	31714.4	6.69931	6.55445	1005	670	0.0100008	0	1.122	1.02
223	0.00208254	7.99035e-05	1181.35	1050	105	702.568	37.3782	37.3782	149.513	149.513	0 26193.5 10748.2 	36941.7	6.32677	6.55445	1005	670	0.0114532	0	1.122	1.02
224	0.0018866	0.000120742	1637.51	1050	105	1155.31	37.7205	37.7205	150.882	150.882	0 15703.2 3021.06 	18724.3	8.50984	6.55445	1005	670	0.00446229	0	1.122	1.02
225	0.00204324	8.8745e-05	1290.5	1050	105	810.549	37.4956	37.4956	149.982	149.982	0 23138.8 8588.75 	31727.5	6.69896	6.55445	1005	670	0.00999777	0	1.122	1.02
226	0.00208257	7.99039e-05	1181.37	1050	105	702.539	37.3832	37.3832	149.533	149.533	0 26193.7 10745.5 	36939.1	6.32655	6.55445	1005	670	0.0114505	0	1.122	1.02
227	0.00188642	0.000120733	1637.24	1050	105	1155.44	37.68	37.68	150.72	150.72	0 15702.8 3020.86 	18723.7	8.51231	6.55445	1005	670	0.00446124	0	1.122	1.02
228	0.00204316	8.87717e-05	1290.85	1050	105	810.846	37.5007	37.5007	150.003	150.003	0 23131 8580.95 	31711.9	6.69972	6.55445	1005	670	0.00999138	0	1.122	1.02
229	0.00208255	7.98868e-05	1181.1	1050	105	702.668	37.3434	37.3434	149.374	149.374	0 26199.1 10742.3 	36941.4	6.3267	6.55445	1005	670	0.0114445	0	1.122	1.02
230	0.00188638	0.000120742	1637.32	1050	105	1155.48	37.6848	37.6848	150.739	150.739	0 15701.4 3018.94 	18720.3	8.51285	6.55445	1005	670	0.00445863	0	1.122	1.02
231	0.00204319	8.87309e-05	1290.27	1050	105	810.653	37.4615	37.4615	149.846	149.846	0 23142 8582.43 	31724.4	6.6994	6.55445	1005	670	0.00998857	0	1.122	1.02
232	0.00208257	7.9887e-05	1181.12	1050	105	702.636	37.3481	37.3481	149.393	149.393	0 26199.3 10739.9 	36939.2	6.32652	6.55445	1005	670	0.0114421	0	1.122	1.02
233	0.00188621	0.000120733	1637.06	1050	105	1155.59	37.6466	37.6466	150.586	150.586	0 15701 3018.8 	18719.8	8.51521	6.55445	1005	670	0.00445771	0	1.122	1.02
234	0.00204312	8.8756e-05	1290.59	1050	105	810.931	37.4664	37.4664	149.866	149.866	0 23134.6 8575.18 	31709.7	6.70013	6.55445	1005	670	0.00998266	0	1.122	1.02
235	0.00208255	7.98707e-05	1180.86	1050	105	702.754	37.3107	37.3107	149.243	149.243	0 26204.4 10737 	36941.4	6.32667	6.55445	1005	670	0.0114365	0	1.122	1.02
236	0.00188616	0.000120741	1637.13	1050	105	1155.62	37.6512	37.6512	150.605	150.605	0 15699.7 3017.06 	18716.7	8.51578	6.55445	1005	670	0.00445534	0	1.122	1.02
237	0.00204315	8.87174e-05	1290.04	1050	105	810.744	37.4295	37.4295	149.718	149.718	0 23145 8576.62 	31721.6	6.69984	6.55445	1005	670	0.00998005	0	1.122	1.02
238	0.00208257	7.98706e-05	1180.87	1050	105	702.718	37.3152	37.3152	149.261	149.261	0 26204.7 10734.9 	36939.5	6.32651	6.55445	1005	670	0.0114344	0	1.122	1.02
239	0.001886	0.000120733	1636.88	1050	105	1155.73	37.6152	37.6152	150.461	150.461	0 15699.3 3016.97 	18716.3	8.51804	6.55445	1005	670	0.00445452	0	1.122	1.02
240	0.00204307	8.8741e-05	1290.34	1050	105	811.003	37.4341	37.4341	149.736	149.736	0 23138 8569.89 	31707.9	6.70056	6.55445	1005	670	0.00997457	0	1.122	1.02
241	0.00208255	7.9855e-05	1180.63	1050	105	702.827	37.28	37.28	149.12	149.12	0 26209.6 10732.2 	36941.7	6.32667	6.55445	1005	670	0.0114292	0	1.122	1.02
242	0.00188595	0.00012074	1636.94	1050	105	1155.75	37.6196	37.6196	150.478	150.478	0 15698 3015.4 	18713.4	8.51863	6.55445	1005	670	0.00445237	0	1.122	1.02
243	0.0020431	8.87043e-05	1289.82	1050	105	810.823	37.3994	37.3994	149.598	149.598	0 23147.9 8571.3 	31719.2	6.7003	6.55445	1005	670	0.00997213	0	1.122	1.02
244	0.00208257	7.98548e-05	1180.63	1050	105	702.789	37.2842	37.2842	149.137	149.137	0 26209.8 10730.3 	36940.1	6.32654	6.55445	1005	670	0.0114272	0	1.122	1.02
245	0.00188579	0.000120732	1636.7	1050	105	1155.84	37.5857	37.5857	150.343	150.343	0 15697.7 3015.37 	18713.1	8.5208	6.55445	1005	670	0.00445165	0	1.122	1.02
246	0.00204303	8.87265e-05	1290.1	1050	105	811.064	37.4037	37.4037	149.615	149.615	0 23141.3 8565.05 	31706.3	6.70099	6.55445	1005	670	0.00996706	0	1.122	1.02
247	0.00208255	7.98399e-05	1180.4	1050	105	702.887	37.251	37.251	149.004	149.004	0 26214.5 10727.9 	36942.4	6.32669	6.55445	1005	670	0.0114223	0	1.122	1.02
248	0.00188575	0.000120739	1636.75	1050	105	1155.85	37.5898	37.5898	150.359	150.359	0 15696.5 3013.94 	18710.4	8.52141	6.55445	1005	670	0.0044497	0	1.122	1.02
249	0.00204305	8.86917e-05	1289.6	1050	105	810.89	37.371	37.371	149.484	149.484	0 23150.6 8566.43 	31717	6.70076	6.55445	1005	670	0.00996479	0	1.122	1.02
250	0.00208256	7.98395e-05	1180.4	1050	105	702.847	37.255	37.255	149.02	149.02	0 26214.8 10726.2 	36941	6.32658	6.55445	1005	670	0.0114206	0	1.122	1.02
251	0.00188559	0.000120731	1636.51	1050	105	1155.93	37.5578	37.5578	150.231	150.231	0 15696.2 3013.95 	18710.2	8.5235	6.55445	1005	670	0.00444907	0	1.122	1.02
252	0.00204298	8.87125e-05	1289.87	1050	105	811.116	37.375	37.375	149.5	149.5	0 23144.4 8560.62 	31705	6.70144	6.55445	1005	670	0.0099601	0	1.122	1.02
253	0.00208254	7.98253e-05	1180.17	1050	105	702.937	37.2237	37.2237	148.895	148.895	0 26219.2 10724 	36943.2	6.32674	6.55445	1005	670	0.0114161	0	1.122	1.02
254	0.00188555	0.000120737	1636.56	1050	105	1155.94	37.5616	37.5616	150.247	150.247	0 15695.1 3012.67 	18707.7	8.52413	6.55445	1005	670	0.00444731	0	1.122	1.02
