0.2	0.00199891	7.40534e-05	1050.21	1050	105	504.208	44.1	44.1	176.4	176.4	0 17993.7 9553.37 	27547.1	0.002074	1.85e-05	1050	1050	1050	0 1.8293e+08 8.31681e+07 	2.66098e+08	6.50418	6.5039	666.612	666.612	0.00904993	0	1.02	1.02
0.4	0.00199889	7.40644e-05	1050.36	1050	105	504.357	44.0999	44.0999	176.4	176.4	0 17990.8 9551.2 	27542	0.002074	1.85e-05	1050	1050	1050	0 1.82919e+08 8.31637e+07 	2.66083e+08	6.50438	6.5039	666.612	666.612	0.00904916	0	1.02	1.02
0.6	0.00199887	7.40722e-05	1050.46	1050	105	504.462	44.0999	44.0999	176.4	176.4	0 17988.8 9549.65 	27538.5	0.002074	1.85e-05	1050	1050	1050	0 1.82911e+08 8.31603e+07 	2.66072e+08	6.50453	6.5039	666.612	666.612	0.00904858	0	1.02	1.02
0.8	0.00199886	7.40777e-05	1050.53	1050	105	504.536	44.0998	44.0998	176.399	176.399	0 17987.4 9548.53 	27535.9	0.002074	1.85e-05	1050	1050	1050	0 1.82905e+08 8.31578e+07 	2.66063e+08	6.50464	6.5039	666.612	666.612	0.00904815	0	1.02	1.02
1	0.00199885	7.40816e-05	1050.59	1050	105	504.588	44.0997	44.0997	176.399	176.399	0 17986.4 9547.73 	27534.1	0.002074	1.85e-05	1050	1050	1050	0 1.82901e+08 8.3156e+07 	2.66057e+08	6.50472	6.5039	666.612	666.612	0.00904784	0	1.02	1.02
1.2	0.00199885	7.40842e-05	1050.62	1050	105	504.625	44.0996	44.0996	176.399	176.399	0 17985.7 9547.15 	27532.8	0.002074	1.85e-05	1050	1050	1050	0 1.82897e+08 8.31545e+07 	2.66052e+08	6.50478	6.5039	666.612	666.612	0.0090476	0	1.02	1.02
1.4	0.00199884	7.4086e-05	1050.64	1050	105	504.649	44.0995	44.0995	176.398	176.398	0 17985.2 9546.75 	27531.9	0.002074	1.85e-05	1050	1050	1050	0 1.82895e+08 8.31534e+07 	2.66048e+08	6.50483	6.5039	666.612	666.612	0.00904742	0	1.02	1.02
1.6	0.00199884	7.40872e-05	1050.66	1050	105	504.666	44.0994	44.0994	176.398	176.398	0 17984.9 9546.46 	27531.3	0.002074	1.85e-05	1050	1050	1050	0 1.82892e+08 8.31526e+07 	2.66045e+08	6.50486	6.5039	666.612	666.612	0.00904728	0	1.02	1.02
1.8	0.00199884	7.4088e-05	1050.67	1050	105	504.677	44.0993	44.0993	176.397	176.397	0 17984.7 9546.26 	27530.9	0.002074	1.85e-05	1050	1050	1050	0 1.82891e+08 8.3152e+07 	2.66043e+08	6.50488	6.5039	666.612	666.612	0.00904717	0	1.02	1.02
2	0.00199883	7.40885e-05	1050.68	1050	105	504.685	44.0992	44.0992	176.397	176.397	0 17984.5 9546.11 	27530.6	0.002074	1.85e-05	1050	1050	1050	0 1.8289e+08 8.31515e+07 	2.66041e+08	6.5049	6.5039	666.612	666.612	0.00904709	0	1.02	1.02
2.2	0.00199986	7.41375e-05	1051.92	1050	105	505.919	44.0997	44.0997	176.399	176.399	0 18151.5 9588.47 	27740	0.002074	1.84005e-05	1044.33	1050	1044.33	0 5.3415e+06 5.36539e+06 	1.07069e+07	6.49486	6.5039	12399	666.612	1.30133	0	1.02	1.02
2.4	0.00199017	7.38839e-05	1043.26	1050	105	497.309	44.0954	44.0954	176.382	176.382	0 16614 9165.41 	25779.4	0.00206405	1.83874e-05	1038.6	1050	1038.6	0 1.27525e+06 6.06549e+06 	7.34074e+06	6.59023	6.5039	12399	666.612	1.46147	0	1.02	1.02
2.6	0.00198571	7.26101e-05	1022.7	1050	105	476.862	44.0836	44.0836	176.334	176.334	0 15943.3 9086.32 	25029.6	0.00205832	1.83361e-05	1032.82	1050	1032.82	0 1.27961e+06 8.81857e+06 	1.00982e+07	6.63476	6.5039	12399	666.612	2.10891	0	1.02	1.02
2.8	0.00198148	7.10297e-05	997.958	1050	105	452.288	44.067	44.067	176.268	176.268	0 15352.8 9047.5 	24400.3	0.00205251	1.82842e-05	1027	1050	1027	0 1.28405e+06 1.15959e+07 	1.288e+07	6.67726	6.5039	12399	666.612	2.75463	0	1.02	1.02
3	0.0019774	6.92454e-05	970.487	1050	105	425.028	44.0459	44.0459	176.184	176.184	0 14830.9 9035.02 	23865.9	0.00204664	1.82317e-05	1021.12	1050	1021.12	0 1.28846e+06 1.43972e+07 	1.56857e+07	6.71874	6.5039	12399	666.612	3.39836	0	1.02	1.02
3.2	0.00197338	6.7329e-05	941.294	1050	105	396.09	44.0204	44.0204	176.082	176.082	0 14368.4 9039.22 	23407.7	0.00204071	1.81786e-05	1015.19	1050	1015.19	0 1.29275e+06 1.72222e+07 	1.85149e+07	6.75989	6.5039	12399	666.612	4.03984	0	1.02	1.02
3.4	0.00196937	6.53303e-05	911.074	1050	105	366.17	43.9904	43.9904	175.962	175.962	0 13957.7 9053.31 	23011	0.0020347	1.81249e-05	1009.21	1050	1009.21	0 1.29691e+06 2.00705e+07 	2.13674e+07	6.80121	6.5039	12399	666.612	4.67881	0	1.02	1.02
3.6	0.00196535	6.32825e-05	880.291	1050	105	335.732	43.9559	43.9559	175.824	175.824	0 13590.5 9072.51 	22663	0.00202863	1.80706e-05	1003.19	1050	1003.19	0 1.30091e+06 2.29419e+07 	2.42428e+07	6.84306	6.5039	12399	666.612	5.31501	0	1.02	1.02
3.8	0.00196129	6.12061e-05	849.233	1050	105	305.063	43.917	43.917	175.668	175.668	0 13256.8 9093.73 	22350.5	0.00202249	1.80157e-05	997.113	1050	997.113	0 1.30478e+06 2.58361e+07 	2.71409e+07	6.88566	6.5039	12399	666.612	5.94819	0	1.02	1.02
4	0.00195718	5.91111e-05	818.041	1050	105	274.307	43.8734	43.8734	175.494	175.494	0 12943.6 9115.33 	22058.9	0.00201629	1.79602e-05	990.992	1050	990.992	0 1.30856e+06 2.87529e+07 	3.00614e+07	6.92913	6.5039	12399	666.612	6.57808	0	1.02	1.02
4.2	0.00195302	5.69984e-05	786.733	1050	105	243.482	43.8251	43.8251	175.301	175.301	0 12634.3 9137.19 	21771.5	0.00201002	1.79041e-05	984.824	1050	984.824	0 1.31229e+06 3.16918e+07 	3.30041e+07	6.97349	6.5039	12399	666.612	7.20445	0	1.02	1.02
4.4	0.00194876	5.49248e-05	756.083	1050	105	213.362	43.7721	43.7721	175.088	175.088	0 12311.9 9148 	21459.9	0.00200368	1.78474e-05	978.61	1050	978.61	0 1.31595e+06 3.46526e+07 	3.59686e+07	7.01938	6.5039	12399	666.612	7.82701	0	1.02	1.02
4.6	0.0019442	5.30795e-05	728.655	1050	105	186.516	43.7139	43.7139	174.856	174.856	0 11971.2 9107.25 	21078.4	0.00199727	1.77901e-05	972.351	1050	972.351	0 1.31931e+06 3.76348e+07 	3.89541e+07	7.06888	6.5039	12399	666.612	8.44549	0	1.02	1.02
4.8	0.00193925	5.15492e-05	705.598	1050	105	164.095	43.6503	43.6503	174.601	174.601	0 11611.4 8991.69 	20603.1	0.0019908	1.77323e-05	966.048	1050	966.048	0 1.32223e+06 4.0638e+07 	4.19602e+07	7.12306	6.5039	12399	666.612	9.0596	0	1.02	1.02
5	0.00193398	5.02815e-05	686.178	1050	105	145.372	43.5806	43.5806	174.322	174.322	0 11225.2 8807.65 	20032.8	0.00198426	1.76738e-05	959.7	1050	959.7	0 1.32484e+06 4.36618e+07 	4.49866e+07	7.18146	6.5039	12399	666.612	9.66909	0	1.02	1.02
5.2	0.00192843	4.92332e-05	669.787	1050	105	129.735	43.5051	43.5051	174.021	174.021	0 10806.8 8562 	19368.8	0.00197766	1.76148e-05	953.31	1050	953.31	0 1.32721e+06 4.67059e+07 	4.80331e+07	7.24371	6.5039	12399	666.612	10.2737	0	1.02	1.02
5.4	0.00192262	4.83705e-05	655.947	1050	105	116.677	43.427	43.427	173.708	173.708	0 10351.9 8262.08 	18613.9	0.00197099	1.75551e-05	946.878	1050	946.878	0 1.3294e+06 4.97698e+07 	5.10992e+07	7.30956	6.5039	12399	666.612	10.8732	0	1.02	1.02
5.6	0.00191659	4.76651e-05	644.262	1050	105	105.772	43.3491	43.3491	173.396	173.396	0 9860.21 7914.95 	17775.2	0.00196425	1.74949e-05	940.405	1050	940.405	0 1.33146e+06 5.28533e+07 	5.41848e+07	7.37878	6.5039	12399	666.612	11.4674	0	1.02	1.02
5.8	0.00191036	4.70919e-05	634.377	1050	105	96.6644	43.2713	43.2713	173.085	173.085	0 9335.21 7526.95 	16862.2	0.00195745	1.74341e-05	933.892	1050	933.892	0 1.33341e+06 5.59559e+07 	5.72893e+07	7.45119	6.5039	12399	666.612	12.0559	0	1.02	1.02
6	0.00190395	4.66296e-05	625.995	1050	105	89.0588	43.1936	43.1936	172.774	172.774	0 8783.1 7103.89 	15887	0.00195058	1.73727e-05	927.339	1050	927.339	0 1.33528e+06 5.90771e+07 	6.04124e+07	7.52664	6.5039	12399	666.612	12.6386	0	1.02	1.02
6.2	0.00189739	4.62607e-05	618.868	1050	105	82.7072	43.1161	43.1161	172.465	172.465	0 8211.73 6650.95 	14862.7	0.00194365	1.73108e-05	920.748	1050	920.748	0 1.33708e+06 6.22166e+07 	6.35536e+07	7.605	6.5039	12399	666.612	13.2152	0	1.02	1.02
6.4	0.00189069	4.59704e-05	612.791	1050	105	77.4029	43.0388	43.0388	172.155	172.155	0 7629.24 6172.69 	13801.9	0.00193666	1.72482e-05	914.12	1050	914.12	0 1.3388e+06 6.53737e+07 	6.67125e+07	7.68621	6.5039	12399	666.612	13.7853	0	1.02	1.02
6.6	0.00188385	4.57463e-05	607.589	1050	105	72.9731	42.9616	42.9616	171.846	171.846	0 7042.84 5673.06 	12715.9	0.0019296	1.71851e-05	907.455	1050	907.455	0 1.34044e+06 6.85481e+07 	6.98885e+07	7.77018	6.5039	12399	666.612	14.3489	0	1.02	1.02
6.8	0.0018769	4.5578e-05	603.12	1050	105	69.2737	42.8846	42.8846	171.538	171.538	0 6458.16 5155.46 	11613.6	0.00192247	1.71215e-05	900.756	1050	900.756	0 1.34201e+06 7.17392e+07 	7.30812e+07	7.85688	6.5039	12399	666.612	14.9056	0	1.02	1.02
7	0.00186983	4.5457e-05	599.261	1050	105	66.1843	42.8077	42.8077	171.231	171.231	0 5879.1 4622.77 	10501.9	0.00191529	1.70572e-05	894.022	1050	894.022	0 1.34352e+06 7.49466e+07 	7.62901e+07	7.94628	6.5039	12399	666.612	15.4552	0	1.02	1.02
7.2	0.00186266	4.53759e-05	595.914	1050	105	63.6042	42.731	42.731	170.924	170.924	0 5307.98 4077.41 	9385.39	0.00190804	1.69924e-05	887.255	1050	887.255	0 1.34497e+06 7.81696e+07 	7.95146e+07	8.03837	6.5039	12399	666.612	15.9974	0	1.02	1.02
7.4	0.0018554	4.53288e-05	592.994	1050	105	61.4496	42.6544	42.6544	170.618	170.618	0 4874.59 3672.59 	8547.18	0.00190073	1.69271e-05	880.456	1050	880.456	0 1.34601e+06 8.14077e+07 	8.27537e+07	8.13316	6.5039	12399	666.612	16.5321	0	1.02	1.02
7.6	0.00184804	4.53105e-05	590.43	1050	105	59.6502	42.578	42.578	170.312	170.312	0 4804.32 3680.04 	8484.36	0.00189335	1.68612e-05	873.626	1050	873.626	0 1.34606e+06 8.466e+07 	8.6006e+07	8.23067	6.5039	12399	666.612	17.0592	0	1.02	1.02
7.8	0.0018406	4.53168e-05	588.165	1050	105	58.1475	42.5018	42.5018	170.007	170.007	0 4741.71 3686.82 	8428.53	0.00188592	1.67948e-05	866.767	1050	866.767	0 1.34605e+06 8.79263e+07 	8.92724e+07	8.3309	6.5039	12399	666.612	17.5782	0	1.02	1.02
8	0.00183308	4.53443e-05	586.149	1050	105	56.8926	42.4256	42.4256	169.703	169.703	0 4685.64 3693.18 	8378.82	0.00187842	1.67278e-05	859.879	1050	859.879	0 1.34601e+06 9.12062e+07 	9.25522e+07	8.4339	6.5039	12399	666.612	18.0889	0	1.02	1.02
8.2	0.00182548	4.53898e-05	584.341	1050	105	55.8445	42.3497	42.3497	169.399	169.399	0 4635.28 3699.51 	8334.8	0.00187087	1.66603e-05	852.964	1050	852.964	0 1.34593e+06 9.4499e+07 	9.58449e+07	8.5397	6.5039	12399	666.612	18.5912	0	1.02	1.02
8.4	0.0018178	4.54509e-05	582.708	1050	105	54.9693	42.2739	42.2739	169.096	169.096	0 4589.51 3705.69 	8295.2	0.00186325	1.65923e-05	846.023	1050	846.023	0 1.34582e+06 9.78042e+07 	9.915e+07	8.64834	6.5039	12399	666.612	19.0848	0	1.02	1.02
8.6	0.00181005	4.55257e-05	581.221	1050	105	54.2384	42.1982	42.1982	168.793	168.793	0 4547.66 3711.95 	8259.62	0.00185558	1.65237e-05	839.057	1050	839.057	0 1.34569e+06 1.01121e+08 	1.02467e+08	8.75988	6.5039	12399	666.612	19.5695	0	1.02	1.02
8.8	0.00180223	4.56122e-05	579.855	1050	105	53.628	42.1227	42.1227	168.491	168.491	0 4508.91 3718.13 	8227.04	0.00184784	1.64546e-05	832.068	1050	832.068	0 1.34553e+06 1.04449e+08 	1.05795e+08	8.87437	6.5039	12399	666.612	20.0452	0	1.02	1.02
9	0.00179435	4.57091e-05	578.592	1050	105	53.1182	42.0474	42.0474	168.19	168.19	0 4472.75 3724.35 	8197.1	0.00184006	1.6385e-05	825.057	1050	825.057	0 1.34535e+06 1.07788e+08 	1.09133e+08	8.99189	6.5039	12399	666.612	20.5116	0	1.02	1.02
9.2	0.0017864	4.58152e-05	577.414	1050	105	52.6925	41.9722	41.9722	167.889	167.889	0 4438.55 3730.43 	8168.98	0.00183221	1.63149e-05	818.024	1050	818.024	0 1.34516e+06 1.11137e+08 	1.12482e+08	9.1125	6.5039	12399	666.612	20.9685	0	1.02	1.02
9.4	0.00177838	4.59295e-05	576.308	1050	105	52.337	41.8971	41.8971	167.589	167.589	0 4405.9 3736.35 	8142.25	0.00182431	1.62443e-05	810.972	1050	810.972	0 1.34495e+06 1.14495e+08 	1.1584e+08	9.23627	6.5039	12399	666.612	21.4158	0	1.02	1.02
9.6	0.0017703	4.60511e-05	575.262	1050	105	52.0401	41.8222	41.8222	167.289	167.289	0 4374.37 3741.99 	8116.36	0.00181635	1.61732e-05	803.902	1050	803.902	0 1.34472e+06 1.17861e+08 	1.19206e+08	9.36328	6.5039	12399	666.612	21.8533	0	1.02	1.02
9.8	0.00176216	4.61793e-05	574.267	1050	105	51.7921	41.7475	41.7475	166.99	166.99	0 4343.67 3747.31 	8090.98	0.00180834	1.61017e-05	796.815	1050	796.815	0 1.34448e+06 1.21236e+08 	1.22581e+08	9.49361	6.5039	12399	666.612	22.2808	0	1.02	1.02
10	0.00175397	4.63136e-05	573.314	1050	105	51.5851	41.6729	41.6729	166.692	166.692	0 4313.62 3752.39 	8066	0.00180028	1.60296e-05	789.712	1050	789.712	0 1.34424e+06 1.24618e+08 	1.25962e+08	9.62735	6.5039	12399	666.612	22.6982	0	1.02	1.02
10.2	0.00174571	4.64535e-05	572.397	1050	105	51.4121	41.5984	41.5984	166.394	166.394	0 4284.09 3757.26 	8041.35	0.00179216	1.59571e-05	782.595	1050	782.595	0 1.34398e+06 1.28007e+08 	1.29351e+08	9.76458	6.5039	12399	666.612	23.1053	0	1.02	1.02
10.4	0.0017374	4.65985e-05	571.509	1050	105	51.2677	41.5241	41.5241	166.097	166.097	0 4254.95 3761.94 	8016.89	0.001784	1.58841e-05	775.465	1050	775.465	0 1.34371e+06 1.31402e+08 	1.32746e+08	9.90541	6.5039	12399	666.612	23.502	0	1.02	1.02
10.6	0.00172903	4.67484e-05	570.647	1050	105	51.1471	41.45	41.45	165.8	165.8	0 4226.11 3766.47 	7992.58	0.00177578	1.58107e-05	768.324	1050	768.324	0 1.34344e+06 1.34802e+08 	1.36146e+08	10.0499	6.5039	12399	666.612	23.8881	0	1.02	1.02
10.8	0.00172061	4.69029e-05	569.806	1050	105	51.0464	41.376	41.376	165.504	165.504	0 4197.49 3770.87 	7968.36	0.00176751	1.57368e-05	761.173	1050	761.173	0 1.34315e+06 1.38207e+08 	1.39551e+08	10.1982	6.5039	12399	666.612	24.2635	0	1.02	1.02
11	0.00171213	4.70617e-05	568.983	1050	105	50.9623	41.3021	41.3021	165.208	165.208	0 4169.03 3775.16 	7944.19	0.00175919	1.56625e-05	754.014	1050	754.014	0 1.34286e+06 1.41617e+08 	1.4296e+08	10.3505	6.5039	12399	666.612	24.6281	0	1.02	1.02
11.2	0.0017036	4.72248e-05	568.176	1050	105	50.8921	41.2284	41.2284	164.914	164.914	0 4140.7 3779.38 	7920.07	0.00175083	1.55877e-05	746.847	1050	746.847	0 1.34256e+06 1.45029e+08 	1.46372e+08	10.5067	6.5039	12399	666.612	24.9819	0	1.02	1.02
11.4	0.00169502	4.73919e-05	567.382	1050	105	50.8334	41.1548	41.1548	164.619	164.619	0 4112.44 3783.51 	7895.95	0.00174242	1.55126e-05	739.674	1050	739.674	0 1.34225e+06 1.48445e+08 	1.49787e+08	10.667	6.5039	12399	666.612	25.3246	0	1.02	1.02
11.6	0.0016864	4.75629e-05	566.599	1050	105	50.7844	41.0814	41.0814	164.326	164.326	0 4084.22 3787.58 	7871.81	0.00173396	1.5437e-05	732.498	1050	732.498	0 1.34193e+06 1.51862e+08 	1.53204e+08	10.8316	6.5039	12399	666.612	25.6562	0	1.02	1.02
11.8	0.00167772	4.77377e-05	565.825	1050	105	50.7435	41.0082	41.0082	164.033	164.033	0 4056.03 3791.6 	7847.63	0.00172546	1.5361e-05	725.318	1050	725.318	0 1.3416e+06 1.55281e+08 	1.56622e+08	11.0005	6.5039	12399	666.612	25.9766	0	1.02	1.02
12	0.00166899	4.79163e-05	565.06	1050	105	50.7093	40.935	40.935	163.74	163.74	0 4027.84 3795.57 	7823.4	0.00171691	1.52846e-05	718.137	1050	718.137	0 1.34127e+06 1.587e+08 	1.60041e+08	11.174	6.5039	12399	666.612	26.2857	0	1.02	1.02
12.2	0.00166022	4.80986e-05	564.301	1050	105	50.6808	40.8621	40.8621	163.448	163.448	0 3999.63 3799.49 	7799.12	0.00170832	1.52079e-05	710.956	1050	710.956	0 1.34093e+06 1.6212e+08 	1.6346e+08	11.352	6.5039	12399	666.612	26.5836	0	1.02	1.02
12.4	0.0016514	4.82846e-05	563.549	1050	105	50.657	40.7892	40.7892	163.157	163.157	0 3971.4 3803.38 	7774.79	0.00169969	1.51307e-05	703.776	1050	703.776	0 1.34058e+06 1.65538e+08 	1.66879e+08	11.5348	6.5039	12399	666.612	26.87	0	1.02	1.02
12.6	0.00164254	4.84742e-05	562.802	1050	105	50.6371	40.7165	40.7165	162.866	162.866	0 3943.16 3807.25 	7750.41	0.00169102	1.50532e-05	696.599	1050	696.599	0 1.34023e+06 1.68956e+08 	1.70296e+08	11.7225	6.5039	12399	666.612	27.145	0	1.02	1.02
12.8	0.00163364	4.86675e-05	562.06	1050	105	50.6205	40.644	40.644	162.576	162.576	0 3914.88 3811.1 	7725.99	0.00168231	1.49754e-05	689.427	1050	689.427	0 1.33986e+06 1.72371e+08 	1.73711e+08	11.9152	6.5039	12399	666.612	27.4086	0	1.02	1.02
13	0.00162469	4.88644e-05	561.323	1050	105	50.6066	40.5716	40.5716	162.286	162.286	0 3886.57 3814.93 	7701.5	0.00167356	1.48972e-05	682.26	1050	682.26	0 1.33949e+06 1.75783e+08 	1.77123e+08	12.1131	6.5039	12399	666.612	27.6606	0	1.02	1.02
13.2	0.00161571	4.90649e-05	560.589	1050	105	50.595	40.4994	40.4994	161.997	161.997	0 3858.22 3818.74 	7676.96	0.00166477	1.48187e-05	675.1	1050	675.1	0 1.33911e+06 1.79193e+08 	1.80532e+08	12.3164	6.5039	12399	666.612	27.9011	0	1.02	1.02
13.4	0.00160668	4.9269e-05	559.858	1050	105	50.5853	40.4272	40.4272	161.709	161.709	0 3829.84 3822.53 	7652.37	0.00165595	1.47398e-05	667.949	1050	667.949	0 1.33872e+06 1.82598e+08 	1.83936e+08	12.5251	6.5039	12399	666.612	28.1302	0	1.02	1.02
13.6	0.00159761	4.94767e-05	559.13	1050	105	50.5772	40.3553	40.3553	161.421	161.421	0 3801.42 3826.31 	7627.73	0.00164709	1.46606e-05	660.808	1050	660.808	0 1.33833e+06 1.85998e+08 	1.87336e+08	12.7396	6.5039	12399	666.612	28.3476	0	1.02	1.02
13.8	0.00158851	4.96881e-05	558.405	1050	105	50.5705	40.2835	40.2835	161.134	161.134	0 3772.97 3830.07 	7603.04	0.0016382	1.45812e-05	653.678	1050	653.678	0 1.33792e+06 1.89393e+08 	1.90731e+08	12.9598	6.5039	12399	666.612	28.5536	0	1.02	1.02
14	0.00157937	4.99032e-05	557.683	1050	105	50.5648	40.2118	40.2118	160.847	160.847	0 3744.49 3833.82 	7578.31	0.00162928	1.45014e-05	646.561	1050	646.561	0 1.33751e+06 1.92782e+08 	1.94119e+08	13.1861	6.5039	12399	666.612	28.748	0	1.02	1.02
14.2	0.0015702	5.01219e-05	556.963	1050	105	50.5601	40.1403	40.1403	160.561	160.561	0 3715.98 3837.56 	7553.54	0.00162032	1.44214e-05	639.459	1050	639.459	0 1.33709e+06 1.96164e+08 	1.97501e+08	13.4185	6.5039	12399	666.612	28.931	0	1.02	1.02
14.4	0.00156099	5.03444e-05	556.245	1050	105	50.5562	40.0689	40.0689	160.275	160.275	0 3687.45 3841.29 	7528.74	0.00161134	1.43411e-05	632.372	1050	632.372	0 1.33666e+06 1.99538e+08 	2.00875e+08	13.6574	6.5039	12399	666.612	29.1025	0	1.02	1.02
14.6	0.00155175	5.05706e-05	555.529	1050	105	50.5529	39.9976	39.9976	159.99	159.99	0 3658.9 3845 	7503.91	0.00160232	1.42605e-05	625.301	1050	625.301	0 1.33622e+06 2.02905e+08 	2.04241e+08	13.9028	6.5039	12399	666.612	29.2627	0	1.02	1.02
14.8	0.00154248	5.08005e-05	554.815	1050	105	50.5502	39.9265	39.9265	159.706	159.706	0 3630.34 3848.71 	7479.05	0.00159328	1.41797e-05	618.249	1050	618.249	0 1.33577e+06 2.06263e+08 	2.07598e+08	14.155	6.5039	12399	666.612	29.4115	0	1.02	1.02
15	0.00153318	5.10343e-05	554.103	1050	105	50.5479	39.8556	39.8556	159.422	159.422	0 3601.77 3852.42 	7454.2	0.00158422	1.40986e-05	611.217	1050	611.217	0 1.33531e+06 2.09611e+08 	2.10947e+08	14.4142	6.5039	12399	666.612	29.5489	0	1.02	1.02
15.2	0.00152385	5.12719e-05	553.393	1050	105	50.546	39.7847	39.7847	159.139	159.139	0 3573.2 3856.12 	7429.33	0.00157512	1.40173e-05	604.205	1050	604.205	0 1.33485e+06 2.1295e+08 	2.14285e+08	14.6805	6.5039	12399	666.612	29.6752	0	1.02	1.02
15.4	0.00151449	5.15133e-05	552.685	1050	105	50.5444	39.7141	39.7141	158.856	158.856	0 3544.64 3859.81 	7404.45	0.00156601	1.39358e-05	597.216	1050	597.216	0 1.33437e+06 2.16278e+08 	2.17612e+08	14.9543	6.5039	12399	666.612	29.7903	0	1.02	1.02
15.6	0.00150511	5.17587e-05	551.978	1050	105	50.543	39.6435	39.6435	158.574	158.574	0 3516.07 3863.5 	7379.57	0.00155687	1.38542e-05	590.25	1050	590.25	0 1.33389e+06 2.19595e+08 	2.20928e+08	15.2358	6.5039	12399	666.612	29.8944	0	1.02	1.02
15.8	0.0014957	5.2008e-05	551.273	1050	105	50.5419	39.5731	39.5731	158.292	158.292	0 3487.52 3867.17 	7354.69	0.00154771	1.37723e-05	583.309	1050	583.309	0 1.33339e+06 2.229e+08 	2.24233e+08	15.5251	6.5039	12399	666.612	29.9875	0	1.02	1.02
16	0.00148627	5.22612e-05	550.57	1050	105	50.541	39.5029	39.5029	158.011	158.011	0 3458.98 3870.84 	7329.82	0.00153853	1.36902e-05	576.394	1050	576.394	0 1.33288e+06 2.26192e+08 	2.27525e+08	15.8226	6.5039	12399	666.612	30.0697	0	1.02	1.02
16.2	0.00147681	5.25184e-05	549.868	1050	105	50.5402	39.4328	39.4328	157.731	157.731	0 3430.46 3874.49 	7304.96	0.00152933	1.3608e-05	569.506	1050	569.506	0 1.33237e+06 2.29472e+08 	2.30804e+08	16.1285	6.5039	12399	666.612	30.1411	0	1.02	1.02
16.4	0.00146734	5.27797e-05	549.167	1050	105	50.5396	39.3628	39.3628	157.451	157.451	0 3401.97 3878.14 	7280.12	0.00152012	1.35256e-05	562.647	1050	562.647	0 1.33184e+06 2.32738e+08 	2.3407e+08	16.443	6.5039	12399	666.612	30.2019	0	1.02	1.02
16.6	0.00145784	5.30451e-05	548.468	1050	105	50.539	39.2929	39.2929	157.172	157.172	0 3373.51 3881.78 	7255.3	0.00151088	1.3443e-05	555.817	1050	555.817	0 1.33131e+06 2.3599e+08 	2.37321e+08	16.7665	6.5039	12399	666.612	30.2522	0	1.02	1.02
16.8	0.00144832	5.33146e-05	547.771	1050	105	50.5386	39.2232	39.2232	156.893	156.893	0 3345.09 3885.42 	7230.5	0.00150164	1.33604e-05	549.019	1050	549.019	0 1.33076e+06 2.39227e+08 	2.40558e+08	17.0991	6.5039	12399	666.612	30.292	0	1.02	1.02
17	0.00143879	5.35883e-05	547.075	1050	105	50.5382	39.1537	39.1537	156.615	156.615	0 3316.7 3889.04 	7205.74	0.00149238	1.32776e-05	542.252	1050	542.252	0 1.3302e+06 2.42449e+08 	2.43779e+08	17.4413	6.5039	12399	666.612	30.3216	0	1.02	1.02
17.2	0.00142924	5.38661e-05	546.381	1050	105	50.5379	39.0843	39.0843	156.337	156.337	0 3288.36 3892.65 	7181.01	0.00148311	1.31947e-05	535.518	1050	535.518	0 1.32963e+06 2.45655e+08 	2.46985e+08	17.7932	6.5039	12399	666.612	30.3411	0	1.02	1.02
17.4	0.00141967	5.41482e-05	545.688	1050	105	50.5376	39.015	39.015	156.06	156.06	0 3260.07 3896.25 	7156.33	0.00147382	1.31116e-05	528.818	1050	528.818	0 1.32905e+06 2.48846e+08 	2.50175e+08	18.1553	6.5039	12399	666.612	30.3506	0	1.02	1.02
17.6	0.0014101	5.44346e-05	544.996	1050	105	50.5374	38.9459	38.9459	155.783	155.783	0 3231.84 3899.85 	7131.69	0.00146453	1.30286e-05	522.154	1050	522.154	0 1.32845e+06 2.52019e+08 	2.53347e+08	18.5278	6.5039	12399	666.612	30.3503	0	1.02	1.02
17.8	0.0014005	5.47253e-05	544.306	1050	105	50.5372	38.8768	38.8768	155.507	155.507	0 3203.67 3903.43 	7107.1	0.00145523	1.29454e-05	515.525	1050	515.525	0 1.32785e+06 2.55175e+08 	2.56503e+08	18.9111	6.5039	12399	666.612	30.3402	0	1.02	1.02
18	0.0013909	5.50204e-05	543.617	1050	105	50.5371	38.808	38.808	155.232	155.232	0 3175.56 3907.01 	7082.57	0.00144592	1.28621e-05	508.934	1050	508.934	0 1.32723e+06 2.58313e+08 	2.5964e+08	19.3055	6.5039	12399	666.612	30.3207	0	1.02	1.02
18.2	0.00138129	5.53199e-05	542.929	1050	105	50.5369	38.7393	38.7393	154.957	154.957	0 3147.52 3910.57 	7058.09	0.00143661	1.27789e-05	502.382	1050	502.382	0 1.3266e+06 2.61433e+08 	2.6276e+08	19.7114	6.5039	12399	666.612	30.2918	0	1.02	1.02
18.4	0.00137167	5.56239e-05	542.243	1050	105	50.5368	38.6707	38.6707	154.683	154.683	0 3119.56 3914.12 	7033.68	0.00142729	1.26955e-05	495.868	1050	495.868	0 1.32596e+06 2.64534e+08 	2.6586e+08	20.1291	6.5039	12399	666.612	30.2538	0	1.02	1.02
18.6	0.00136204	5.59324e-05	541.559	1050	105	50.5367	38.6022	38.6022	154.409	154.409	0 3091.67 3917.66 	7009.33	0.00141797	1.26122e-05	489.395	1050	489.395	0 1.3253e+06 2.67616e+08 	2.68942e+08	20.5591	6.5039	12399	666.612	30.2067	0	1.02	1.02
18.8	0.0013524	5.62454e-05	540.876	1050	105	50.5367	38.5339	38.5339	154.136	154.136	0 3063.87 3921.19 	6985.06	0.00140865	1.25288e-05	482.963	1050	482.963	0 1.32464e+06 2.70679e+08 	2.72004e+08	21.0017	6.5039	12399	666.612	30.1509	0	1.02	1.02
19	0.00134276	5.6563e-05	540.194	1050	105	50.5366	38.4657	38.4657	153.863	153.863	0 3036.15 3924.71 	6960.86	0.00139932	1.24454e-05	476.573	1050	476.573	0 1.32395e+06 2.73721e+08 	2.75045e+08	21.4573	6.5039	12399	666.612	30.0864	0	1.02	1.02
19.2	0.00133311	5.68853e-05	539.513	1050	105	50.5365	38.3977	38.3977	153.591	153.591	0 3008.53 3928.21 	6936.74	0.00139	1.2362e-05	470.226	1050	470.226	0 1.32326e+06 2.76744e+08 	2.78067e+08	21.9264	6.5039	12399	666.612	30.0134	0	1.02	1.02
19.4	0.00132347	5.72122e-05	538.834	1050	105	50.5365	38.3298	38.3298	153.319	153.319	0 2980.99 3931.7 	6912.7	0.00138068	1.22786e-05	463.922	1050	463.922	0 1.32255e+06 2.79745e+08 	2.81067e+08	22.4095	6.5039	12399	666.612	29.9322	0	1.02	1.02
19.6	0.00131382	5.75439e-05	538.156	1050	105	50.5365	38.262	38.262	153.048	153.048	0 2953.56 3935.18 	6888.74	0.00137136	1.21953e-05	457.663	1050	457.663	0 1.32183e+06 2.82725e+08 	2.84047e+08	22.9069	6.5039	12399	666.612	29.843	0	1.02	1.02
19.8	0.00130417	5.78804e-05	537.48	1050	105	50.5364	38.1944	38.1944	152.777	152.777	0 2926.23 3938.65 	6864.88	0.00136205	1.2112e-05	451.449	1050	451.449	0 1.32109e+06 2.85684e+08 	2.87005e+08	23.4192	6.5039	12399	666.612	29.7458	0	1.02	1.02
20	0.00129452	5.82217e-05	536.805	1050	105	50.5364	38.1269	38.1269	152.507	152.507	0 2899.01 3942.1 	6841.1	0.00135274	1.20287e-05	445.281	1050	445.281	0 1.32033e+06 2.8862e+08 	2.89941e+08	23.9468	6.5039	12399	666.612	29.641	0	1.02	1.02
20.2	0.00128487	5.85678e-05	536.131	1050	105	50.5364	38.0595	38.0595	152.238	152.238	0 2871.89 3945.53 	6817.42	0.00134344	1.19455e-05	439.16	1050	439.16	0 1.31957e+06 2.91535e+08 	2.92854e+08	24.4904	6.5039	12399	666.612	29.5288	0	1.02	1.02
20.4	0.00127522	5.8919e-05	535.459	1050	105	50.5364	37.9923	37.9923	151.969	151.969	0 2844.89 3948.95 	6793.84	0.00133414	1.18623e-05	433.086	1050	433.086	0 1.31878e+06 2.94427e+08 	2.95746e+08	25.0503	6.5039	12399	666.612	29.4092	0	1.02	1.02
20.6	0.00126558	5.92751e-05	534.788	1050	105	50.5364	37.9252	37.9252	151.701	151.701	0 2818 3952.36 	6770.36	0.00132486	1.17793e-05	427.061	1050	427.061	0 1.31798e+06 2.97296e+08 	2.98614e+08	25.6271	6.5039	12399	666.612	29.2826	0	1.02	1.02
20.8	0.00125595	5.96362e-05	534.118	1050	105	50.5363	37.8582	37.8582	151.433	151.433	0 2791.23 3955.75 	6746.98	0.00131558	1.16963e-05	421.083	1050	421.083	0 1.31717e+06 3.00142e+08 	3.01459e+08	26.2215	6.5039	12399	666.612	29.1492	0	1.02	1.02
21	0.00124632	6.00024e-05	533.45	1050	105	50.5363	37.7914	37.7914	151.165	151.165	0 2764.59 3959.12 	6723.71	0.00130632	1.16134e-05	415.156	1050	415.156	0 1.31634e+06 3.02964e+08 	3.0428e+08	26.8341	6.5039	12399	666.612	29.0091	0	1.02	1.02
21.2	0.00123669	6.03738e-05	532.783	1050	105	50.5363	37.7247	37.7247	150.899	150.899	0 2738.06 3962.48 	6700.54	0.00129707	1.15306e-05	409.277	1050	409.277	0 1.31549e+06 3.05763e+08 	3.07078e+08	27.4653	6.5039	12399	666.612	28.8625	0	1.02	1.02
21.4	0.00122708	6.07503e-05	532.117	1050	105	50.5363	37.6581	37.6581	150.632	150.632	0 2711.67 3965.81 	6677.49	0.00128783	1.1448e-05	403.45	1050	403.45	0 1.31462e+06 3.08537e+08 	3.09852e+08	28.1159	6.5039	12399	666.612	28.7098	0	1.02	1.02
21.6	0.00121747	6.11322e-05	531.453	1050	105	50.5363	37.5917	37.5917	150.367	150.367	0 2685.41 3969.13 	6654.54	0.00127861	1.13655e-05	397.673	1050	397.673	0 1.31374e+06 3.11288e+08 	3.12601e+08	28.7866	6.5039	12399	666.612	28.5509	0	1.02	1.02
21.8	0.00120788	6.15193e-05	530.79	1050	105	50.5363	37.5254	37.5254	150.102	150.102	0 2659.28 3972.44 	6631.72	0.0012694	1.12831e-05	391.947	1050	391.947	0 1.31284e+06 3.14014e+08 	3.15327e+08	29.478	6.5039	12399	666.612	28.3863	0	1.02	1.02
22	0.0011983	6.19117e-05	530.128	1050	105	50.5363	37.4592	37.4592	149.837	149.837	0 2633.29 3975.73 	6609.02	0.00126021	1.12008e-05	386.273	1050	386.273	0 1.31192e+06 3.16715e+08 	3.18027e+08	30.1909	6.5039	12399	666.612	28.2161	0	1.02	1.02
22.2	0.00118873	6.23096e-05	529.468	1050	105	50.5363	37.3932	37.3932	149.573	149.573	0 2607.44 3979 	6586.44	0.00125104	1.11187e-05	380.652	1050	380.652	0 1.31099e+06 3.19392e+08 	3.20703e+08	30.9259	6.5039	12399	666.612	28.0404	0	1.02	1.02
22.4	0.00117917	6.2713e-05	528.809	1050	105	50.5363	37.3273	37.3273	149.309	149.309	0 2581.73 3982.25 	6563.98	0.00124188	1.10368e-05	375.083	1050	375.083	0 1.31003e+06 3.22043e+08 	3.23353e+08	31.684	6.5039	12399	666.612	27.8596	0	1.02	1.02
22.6	0.00116963	6.31219e-05	528.151	1050	105	50.5363	37.2615	37.2615	149.046	149.046	0 2556.16 3985.48 	6541.64	0.00123275	1.09551e-05	369.567	1050	369.567	0 1.30906e+06 3.24669e+08 	3.25978e+08	32.4658	6.5039	12399	666.612	27.6737	0	1.02	1.02
22.8	0.0011601	6.35364e-05	527.495	1050	105	50.5363	37.1959	37.1959	148.784	148.784	0 2530.73 3988.69 	6519.42	0.00122364	1.08735e-05	364.104	1050	364.104	0 1.30807e+06 3.2727e+08 	3.28578e+08	33.2722	6.5039	12399	666.612	27.4831	0	1.02	1.02
23	0.00115059	6.39566e-05	526.84	1050	105	50.5363	37.1304	37.1304	148.521	148.521	0 2505.45 3991.87 	6497.32	0.00121455	1.07922e-05	358.695	1050	358.695	0 1.30705e+06 3.29845e+08 	3.31152e+08	34.1041	6.5039	12399	666.612	27.2878	0	1.02	1.02
23.2	0.0011411	6.43825e-05	526.186	1050	105	50.5363	37.065	37.065	148.26	148.26	0 2480.31 3995.04 	6475.35	0.00120548	1.0711e-05	353.339	1050	353.339	0 1.30602e+06 3.32395e+08 	3.33701e+08	34.9624	6.5039	12399	666.612	27.0882	0	1.02	1.02
23.4	0.00113162	6.48141e-05	525.534	1050	105	50.5363	36.9998	36.9998	147.999	147.999	0 2455.32 3998.18 	6453.5	0.00119644	1.06301e-05	348.038	1050	348.038	0 1.30496e+06 3.34919e+08 	3.36224e+08	35.8479	6.5039	12399	666.612	26.8844	0	1.02	1.02
23.6	0.00112217	6.52516e-05	524.883	1050	105	50.5363	36.9346	36.9346	147.739	147.739	0 2430.48 4001.29 	6431.77	0.00118742	1.05493e-05	342.791	1050	342.791	0 1.30389e+06 3.37417e+08 	3.3872e+08	36.7618	6.5039	12399	666.612	26.6766	0	1.02	1.02
23.8	0.00111273	6.5695e-05	524.233	1050	105	50.5363	36.8697	36.8697	147.479	147.479	0 2405.79 4004.38 	6410.18	0.00117843	1.04688e-05	337.599	1050	337.599	0 1.30279e+06 3.39889e+08 	3.41191e+08	37.705	6.5039	12399	666.612	26.4651	0	1.02	1.02
24	0.00110332	6.61444e-05	523.584	1050	105	50.5363	36.8048	36.8048	147.219	147.219	0 2381.26 4007.45 	6388.7	0.00116946	1.03886e-05	332.462	1050	332.462	0 1.30167e+06 3.42334e+08 	3.43636e+08	38.6786	6.5039	12399	666.612	26.2499	0	1.02	1.02
24.2	0.00109392	6.65999e-05	522.937	1050	105	50.5363	36.7401	36.7401	146.96	146.96	0 2356.87 4010.48 	6367.35	0.00116052	1.03085e-05	327.379	1050	327.379	0 1.30053e+06 3.44754e+08 	3.46055e+08	39.6836	6.5039	12399	666.612	26.0313	0	1.02	1.02
24.4	0.00108455	6.70614e-05	522.291	1050	105	50.5363	36.6755	36.6755	146.702	146.702	0 2332.64 4013.5 	6346.15	0.00115161	1.02288e-05	322.351	1050	322.351	0 1.29937e+06 3.47148e+08 	3.48447e+08	40.7212	6.5039	12399	666.612	25.8095	0	1.02	1.02
24.6	0.0010752	6.75291e-05	521.646	1050	105	50.5363	36.611	36.611	146.444	146.444	0 2308.58 4016.5 	6325.07	0.00114273	1.01492e-05	317.379	1050	317.379	0 1.29818e+06 3.49515e+08 	3.50813e+08	41.7927	6.5039	12399	666.612	25.5847	0	1.02	1.02
24.8	0.00106588	6.80031e-05	521.003	1050	105	50.5363	36.5467	36.5467	146.187	146.187	0 2284.66 4019.46 	6304.13	0.00113388	1.007e-05	312.462	1050	312.462	0 1.29697e+06 3.51856e+08 	3.53153e+08	42.8991	6.5039	12399	666.612	25.357	0	1.02	1.02
25	0.00105658	6.84834e-05	520.361	1050	105	50.5363	36.4825	36.4825	145.93	145.93	0 2260.9 4022.4 	6283.31	0.00112506	9.99101e-06	307.6	1050	307.6	0 1.29573e+06 3.5417e+08 	3.55466e+08	44.042	6.5039	12399	666.612	25.1266	0	1.02	1.02
25.2	0.0010473	6.89701e-05	519.72	1050	105	50.5363	36.4184	36.4184	145.674	145.674	0 2237.3 4025.31 	6262.61	0.00111627	9.91231e-06	302.793	1050	302.793	0 1.29447e+06 3.56459e+08 	3.57753e+08	45.2224	6.5039	12399	666.612	24.8938	0	1.02	1.02
25.4	0.00103805	6.94633e-05	519.081	1050	105	50.5363	36.3544	36.3544	145.418	145.418	0 2213.85 4028.19 	6242.03	0.00110752	9.8339e-06	298.041	1050	298.041	0 1.29318e+06 3.58721e+08 	3.60014e+08	46.442	6.5039	12399	666.612	24.6587	0	1.02	1.02
25.6	0.00102883	6.9963e-05	518.442	1050	105	50.5363	36.2906	36.2906	145.162	145.162	0 2190.55 4031.03 	6221.58	0.00109879	9.75579e-06	293.345	1050	293.345	0 1.29187e+06 3.60956e+08 	3.62248e+08	47.7021	6.5039	12399	666.612	24.4214	0	1.02	1.02
25.8	0.00101964	7.04694e-05	517.805	1050	105	50.5363	36.2269	36.2269	144.908	144.908	0 2167.41 4033.84 	6201.25	0.00109011	9.67797e-06	288.704	1050	288.704	0 1.29053e+06 3.63166e+08 	3.64456e+08	49.0043	6.5039	12399	666.612	24.1822	0	1.02	1.02
26	0.00101047	7.09825e-05	517.17	1050	105	50.5363	36.1633	36.1633	144.653	144.653	0 2144.42 4036.61 	6181.04	0.00108145	9.60046e-06	284.118	1050	284.118	0 1.28917e+06 3.65349e+08 	3.66638e+08	50.3501	6.5039	12399	666.612	23.9411	0	1.02	1.02
26.2	0.00100133	7.15023e-05	516.535	1050	105	50.5363	36.0999	36.0999	144.4	144.4	0 2121.6 4039.37 	6160.97	0.00107283	9.52326e-06	279.587	1050	279.587	0 1.28777e+06 3.67506e+08 	3.68793e+08	51.7413	6.5039	12399	666.612	23.6984	0	1.02	1.02
26.4	0.000992222	7.20291e-05	515.902	1050	105	50.5363	36.0366	36.0366	144.146	144.146	0 2098.94 4042.09 	6141.03	0.00106425	9.44638e-06	275.111	1050	275.111	0 1.28635e+06 3.69636e+08 	3.70922e+08	53.1795	6.5039	12399	666.612	23.4543	0	1.02	1.02
26.6	0.000983142	7.25628e-05	515.27	1050	105	50.5363	35.9734	35.9734	143.894	143.894	0 2076.42 4044.77 	6121.2	0.00105571	9.36982e-06	270.691	1050	270.691	0 1.2849e+06 3.71741e+08 	3.73025e+08	54.6665	6.5039	12399	666.612	23.2088	0	1.02	1.02
26.8	0.000974093	7.31035e-05	514.64	1050	105	50.5363	35.9103	35.9103	143.641	143.641	0 2054.06 4047.42 	6101.48	0.0010472	9.2936e-06	266.324	1050	266.324	0 1.28342e+06 3.73819e+08 	3.75102e+08	56.2042	6.5039	12399	666.612	22.9621	0	1.02	1.02
27	0.000965074	7.36514e-05	514.01	1050	105	50.5363	35.8474	35.8474	143.39	143.39	0 2031.85 4050.03 	6081.88	0.00103873	9.21771e-06	262.013	1050	262.013	0 1.28191e+06 3.75871e+08 	3.77153e+08	57.7947	6.5039	12399	666.612	22.7144	0	1.02	1.02
27.2	0.000956087	7.42064e-05	513.382	1050	105	50.5363	35.7846	35.7846	143.138	143.138	0 2009.79 4052.59 	6062.38	0.00103029	9.14216e-06	257.756	1050	257.756	0 1.28037e+06 3.77898e+08 	3.79178e+08	59.4399	6.5039	12399	666.612	22.4658	0	1.02	1.02
27.4	0.000947132	7.47689e-05	512.755	1050	105	50.5363	35.7219	35.7219	142.888	142.888	0 1987.87 4055.12 	6042.99	0.0010219	9.06695e-06	253.553	1050	253.553	0 1.2788e+06 3.79898e+08 	3.81177e+08	61.142	6.5039	12399	666.612	22.2165	0	1.02	1.02
27.6	0.000938208	7.53387e-05	512.13	1050	105	50.5363	35.6593	35.6593	142.637	142.637	0 1966.12 4057.61 	6023.74	0.00101355	8.9921e-06	249.404	1050	249.404	0 1.2772e+06 3.81873e+08 	3.8315e+08	62.9032	6.5039	12399	666.612	21.9666	0	1.02	1.02
27.8	0.000929318	7.5916e-05	511.505	1050	105	50.5363	35.5969	35.5969	142.388	142.388	0 1944.52 4060.07 	6004.59	0.00100523	8.91761e-06	245.309	1050	245.309	0 1.27556e+06 3.83822e+08 	3.85098e+08	64.7259	6.5039	12399	666.612	21.7162	0	1.02	1.02
28	0.00092046	7.65009e-05	510.882	1050	105	50.5363	35.5346	35.5346	142.138	142.138	0 1923.06 4062.48 	5985.54	0.000996961	8.84347e-06	241.268	1050	241.268	0 1.2739e+06 3.85746e+08 	3.8702e+08	66.6125	6.5039	12399	666.612	21.4655	0	1.02	1.02
28.2	0.000911636	7.70936e-05	510.26	1050	105	50.5363	35.4724	35.4724	141.89	141.89	0 1901.74 4064.85 	5966.59	0.000988729	8.7697e-06	237.279	1050	237.279	0 1.27219e+06 3.87644e+08 	3.88916e+08	68.5656	6.5039	12399	666.612	21.2146	0	1.02	1.02
28.4	0.000902845	7.7694e-05	509.64	1050	105	50.5363	35.4103	35.4103	141.641	141.641	0 1880.57 4067.17 	5947.73	0.000980539	8.69629e-06	233.344	1050	233.344	0 1.27046e+06 3.89517e+08 	3.90788e+08	70.5879	6.5039	12399	666.612	20.9636	0	1.02	1.02
28.6	0.000894089	7.83024e-05	509.02	1050	105	50.5363	35.3484	35.3484	141.394	141.394	0 1859.53 4069.43 	5928.96	0.000972392	8.62327e-06	229.462	1050	229.462	0 1.26868e+06 3.91365e+08 	3.92634e+08	72.6821	6.5039	12399	666.612	20.7126	0	1.02	1.02
28.8	0.000885368	7.89188e-05	508.402	1050	105	50.5363	35.2866	35.2866	141.146	141.146	0 1838.64 4071.67 	5910.31	0.000964286	8.55061e-06	225.632	1050	225.632	0 1.26687e+06 3.93188e+08 	3.94455e+08	74.8513	6.5039	12399	666.612	20.4618	0	1.02	1.02
29	0.000876681	7.95433e-05	507.785	1050	105	50.5363	35.2249	35.2249	140.9	140.9	0 1817.89 4073.86 	5891.75	0.000956224	8.47834e-06	221.854	1050	221.854	0 1.26503e+06 3.94986e+08 	3.96251e+08	77.0984	6.5039	12399	666.612	20.2112	0	1.02	1.02
29.2	0.000868029	8.0176e-05	507.169	1050	105	50.5363	35.1633	35.1633	140.653	140.653	0 1797.28 4075.99 	5873.27	0.000948205	8.40646e-06	218.129	1050	218.129	0 1.26315e+06 3.96759e+08 	3.98022e+08	79.4268	6.5039	12399	666.612	19.9611	0	1.02	1.02
29.4	0.000859413	8.08172e-05	506.555	1050	105	50.5363	35.1019	35.1019	140.407	140.407	0 1776.79 4078.07 	5854.86	0.00094023	8.33496e-06	214.454	1050	214.454	0 1.26122e+06 3.98508e+08 	3.99769e+08	81.8398	6.5039	12399	666.612	19.7113	0	1.02	1.02
29.6	0.000850832	8.14668e-05	505.942	1050	105	50.5363	35.0406	35.0406	140.162	140.162	0 1756.44 4080.09 	5836.53	0.000932299	8.26385e-06	210.831	1050	210.831	0 1.25926e+06 4.00232e+08 	4.01491e+08	84.3409	6.5039	12399	666.612	19.4622	0	1.02	1.02
29.8	0.000842288	8.2125e-05	505.33	1050	105	50.5363	34.9794	34.9794	139.917	139.917	0 1736.21 4082.06 	5818.28	0.000924413	8.19314e-06	207.259	1050	207.259	0 1.25726e+06 4.01932e+08 	4.03189e+08	86.9338	6.5039	12399	666.612	19.2137	0	1.02	1.02
30	0.000833779	8.2792e-05	504.719	1050	105	50.5363	34.9183	34.9183	139.673	139.673	0 1716.12 4083.99 	5800.11	0.000916571	8.12283e-06	203.737	1050	203.737	0 1.25522e+06 4.03608e+08 	4.04863e+08	89.6225	6.5039	12399	666.612	18.966	0	1.02	1.02
30.2	0.000825307	8.34678e-05	504.109	1050	105	50.5363	34.8573	34.8573	139.429	139.429	0 1696.15 4085.86 	5782.01	0.000908775	8.05291e-06	200.265	1050	200.265	0 1.25314e+06 4.0526e+08 	4.06513e+08	92.4111	6.5039	12399	666.612	18.7191	0	1.02	1.02
30.4	0.000816871	8.41526e-05	503.501	1050	105	50.5363	34.7965	34.7965	139.186	139.186	0 1676.29 4087.66 	5763.95	0.000901024	7.98341e-06	196.843	1050	196.843	0 1.25101e+06 4.06889e+08 	4.0814e+08	95.3037	6.5039	12399	666.612	18.4732	0	1.02	1.02
30.6	0.000808472	8.48465e-05	502.894	1050	105	50.5363	34.7358	34.7358	138.943	138.943	0 1656.55 4089.4 	5745.95	0.000893318	7.9143e-06	193.47	1050	193.47	0 1.24884e+06 4.08494e+08 	4.09742e+08	98.305	6.5039	12399	666.612	18.2284	0	1.02	1.02
30.8	0.000800109	8.55497e-05	502.288	1050	105	50.5363	34.6752	34.6752	138.701	138.701	0 1636.93 4091.08 	5728.01	0.000885659	7.84561e-06	190.147	1050	190.147	0 1.24662e+06 4.10075e+08 	4.11322e+08	101.42	6.5039	12399	666.612	17.9846	0	1.02	1.02
31	0.000791784	8.62623e-05	501.683	1050	105	50.5363	34.6147	34.6147	138.459	138.459	0 1617.43 4092.71 	5710.14	0.000878046	7.77732e-06	186.871	1050	186.871	0 1.24436e+06 4.11634e+08 	4.12878e+08	104.653	6.5039	12399	666.612	17.742	0	1.02	1.02
31.2	0.000783495	8.69845e-05	501.08	1050	105	50.5363	34.5544	34.5544	138.217	138.217	0 1598.02 4094.26 	5692.29	0.000870479	7.70945e-06	183.644	1050	183.644	0 1.24205e+06 4.13169e+08 	4.14411e+08	108.009	6.5039	12399	666.612	17.5007	0	1.02	1.02
31.4	0.000775243	8.77163e-05	500.478	1050	105	50.5363	34.4941	34.4941	137.977	137.977	0 1578.72 4095.75 	5674.47	0.000862959	7.642e-06	180.465	1050	180.465	0 1.23969e+06 4.14682e+08 	4.15922e+08	111.495	6.5039	12399	666.612	17.2607	0	1.02	1.02
31.6	0.000767028	8.84581e-05	499.877	1050	105	50.5363	34.434	34.434	137.736	137.736	0 1559.52 4097.16 	5656.68	0.000855486	7.57496e-06	177.332	1050	177.332	0 1.23729e+06 4.16172e+08 	4.1741e+08	115.116	6.5039	12399	666.612	17.0221	0	1.02	1.02
31.8	0.000758851	8.92098e-05	499.277	1050	105	50.5363	34.374	34.374	137.496	137.496	0 1540.43 4098.51 	5638.94	0.000848061	7.50834e-06	174.247	1050	174.247	0 1.23483e+06 4.1764e+08 	4.18875e+08	118.878	6.5039	12399	666.612	16.7849	0	1.02	1.02
32	0.00075071	8.99718e-05	498.678	1050	105	50.5363	34.3142	34.3142	137.257	137.257	0 1521.42 4099.79 	5621.21	0.000840682	7.44214e-06	171.208	1050	171.208	0 1.23233e+06 4.19086e+08 	4.20319e+08	122.787	6.5039	12399	666.612	16.5493	0	1.02	1.02
32.2	0.000742607	9.07441e-05	498.08	1050	105	50.5363	34.2544	34.2544	137.018	137.018	0 1502.5 4100.98 	5603.49	0.000833351	7.37637e-06	168.215	1050	168.215	0 1.22977e+06 4.2051e+08 	4.2174e+08	126.851	6.5039	12399	666.612	16.3152	0	1.02	1.02
32.4	0.000734541	9.15269e-05	497.484	1050	105	50.5363	34.1948	34.1948	136.779	136.779	0 1483.66 4102.1 	5585.76	0.000826068	7.31101e-06	165.267	1050	165.267	0 1.22716e+06 4.21912e+08 	4.2314e+08	131.076	6.5039	12399	666.612	16.0828	0	1.02	1.02
32.6	0.000726511	9.23205e-05	496.889	1050	105	50.5363	34.1353	34.1353	136.541	136.541	0 1464.92 4103.15 	5568.07	0.000818832	7.24608e-06	162.365	1050	162.365	0 1.22449e+06 4.23293e+08 	4.24518e+08	135.47	6.5039	12399	666.612	15.8521	0	1.02	1.02
32.8	0.000718519	9.31249e-05	496.295	1050	105	50.5363	34.0759	34.0759	136.304	136.304	0 1446.24 4104.11 	5550.35	0.000811644	7.18158e-06	159.507	1050	159.507	0 1.22177e+06 4.24653e+08 	4.25875e+08	140.041	6.5039	12399	666.612	15.6231	0	1.02	1.02
33	0.000710564	9.39404e-05	495.702	1050	105	50.5363	34.0166	34.0166	136.066	136.066	0 1427.64 4104.98 	5532.62	0.000804504	7.11751e-06	156.693	1050	156.693	0 1.21899e+06 4.25991e+08 	4.2721e+08	144.798	6.5039	12399	666.612	15.3959	0	1.02	1.02
33.2	0.000702645	9.47672e-05	495.111	1050	105	50.5363	33.9575	33.9575	135.83	135.83	0 1409.1 4105.76 	5514.86	0.000797412	7.05386e-06	153.923	1050	153.923	0 1.21615e+06 4.27309e+08 	4.28525e+08	149.749	6.5039	12399	666.612	15.1705	0	1.02	1.02
33.4	0.000694763	9.56055e-05	494.521	1050	105	50.5363	33.8984	33.8984	135.594	135.594	0 1390.64 4106.46 	5497.1	0.000790368	6.99064e-06	151.196	1050	151.196	0 1.21325e+06 4.28606e+08 	4.29819e+08	154.903	6.5039	12399	666.612	14.947	0	1.02	1.02
33.6	0.000686917	9.64555e-05	493.931	1050	105	50.5363	33.8395	33.8395	135.358	135.358	0 1372.22 4107.07 	5479.29	0.000783373	6.92785e-06	148.511	1050	148.511	0 1.21029e+06 4.29883e+08 	4.31093e+08	160.272	6.5039	12399	666.612	14.7254	0	1.02	1.02
33.8	0.000679108	9.73174e-05	493.343	1050	105	50.5363	33.7807	33.7807	135.123	135.123	0 1353.86 4107.56 	5461.42	0.000776425	6.8655e-06	145.869	1050	145.869	0 1.20727e+06 4.31139e+08 	4.32347e+08	165.865	6.5039	12399	666.612	14.5057	0	1.02	1.02
34	0.000671335	9.81914e-05	492.757	1050	105	50.5363	33.722	33.722	134.888	134.888	0 1335.55 4107.98 	5443.52	0.000769526	6.80357e-06	143.269	1050	143.269	0 1.20418e+06 4.32376e+08 	4.3358e+08	171.693	6.5039	12399	666.612	14.2881	0	1.02	1.02
34.2	0.000663598	9.90778e-05	492.171	1050	105	50.5363	33.6635	33.6635	134.654	134.654	0 1317.28 4108.29 	5425.57	0.000762676	6.74207e-06	140.71	1050	140.71	0 1.20103e+06 4.33593e+08 	4.34794e+08	177.769	6.5039	12399	666.612	14.0724	0	1.02	1.02
34.4	0.000655897	9.99768e-05	491.586	1050	105	50.5363	33.605	33.605	134.42	134.42	0 1299.04 4108.49 	5407.52	0.000755873	6.68101e-06	138.192	1050	138.192	0 1.19781e+06 4.34791e+08 	4.35988e+08	184.104	6.5039	12399	666.612	13.8587	0	1.02	1.02
34.6	0.000648231	0.000100889	491.003	1050	105	50.5363	33.5467	33.5467	134.187	134.187	0 1280.83 4108.57 	5389.41	0.000749119	6.62038e-06	135.714	1050	135.714	0 1.19452e+06 4.35969e+08 	4.37163e+08	190.713	6.5039	12399	666.612	13.6471	0	1.02	1.02
34.8	0.0006406	0.000101814	490.421	1050	105	50.5363	33.4885	33.4885	133.954	133.954	0 1262.66 4108.57 	5371.22	0.000742414	6.56017e-06	133.276	1050	133.276	0 1.19116e+06 4.37128e+08 	4.38319e+08	197.61	6.5039	12399	666.612	13.4376	0	1.02	1.02
35	0.000633005	0.000102752	489.84	1050	105	50.5363	33.4304	33.4304	133.721	133.721	0 1244.5 4108.43 	5352.93	0.000735756	6.5004e-06	130.877	1050	130.877	0 1.18773e+06 4.38268e+08 	4.39456e+08	204.809	6.5039	12399	666.612	13.2303	0	1.02	1.02
35.2	0.000625444	0.000103704	489.26	1050	105	50.5363	33.3724	33.3724	133.49	133.49	0 1226.34 4108.17 	5334.51	0.000729147	6.44107e-06	128.518	1050	128.518	0 1.18423e+06 4.3939e+08 	4.40575e+08	212.327	6.5039	12399	666.612	13.025	0	1.02	1.02
35.4	0.000617917	0.00010467	488.681	1050	105	50.5363	33.3145	33.3145	133.258	133.258	0 1208.21 4107.8 	5316.01	0.000722587	6.38216e-06	126.197	1050	126.197	0 1.18065e+06 4.40494e+08 	4.41674e+08	220.181	6.5039	12399	666.612	12.8219	0	1.02	1.02
35.6	0.000610424	0.00010565	488.104	1050	105	50.5363	33.2568	33.2568	133.027	133.027	0 1190.06 4107.3 	5297.36	0.000716074	6.32369e-06	123.913	1050	123.913	0 1.17699e+06 4.41579e+08 	4.42756e+08	228.389	6.5039	12399	666.612	12.621	0	1.02	1.02
35.8	0.000602965	0.000106645	487.528	1050	105	50.5363	33.1991	33.1991	132.797	132.797	0 1171.91 4106.65 	5278.56	0.00070961	6.26565e-06	121.668	1050	121.668	0 1.17325e+06 4.42647e+08 	4.4382e+08	236.97	6.5039	12399	666.612	12.4222	0	1.02	1.02
36	0.00059554	0.000107654	486.952	1050	105	50.5363	33.1416	33.1416	132.566	132.566	0 1153.75 4105.89 	5259.64	0.000703194	6.20803e-06	119.459	1050	119.459	0 1.16943e+06 4.43697e+08 	4.44866e+08	245.945	6.5039	12399	666.612	12.2256	0	1.02	1.02
36.2	0.000588147	0.000108679	486.378	1050	105	50.5363	33.0842	33.0842	132.337	132.337	0 1135.56 4104.98 	5240.55	0.000696825	6.15085e-06	117.286	1050	117.286	0 1.16553e+06 4.44729e+08 	4.45895e+08	255.337	6.5039	12399	666.612	12.0313	0	1.02	1.02
36.4	0.000580786	0.000109719	485.805	1050	105	50.5363	33.0269	33.0269	132.108	132.108	0 1117.34 4103.92 	5221.26	0.000690505	6.0941e-06	115.15	1050	115.15	0 1.16154e+06 4.45744e+08 	4.46906e+08	265.168	6.5039	12399	666.612	11.8391	0	1.02	1.02
36.6	0.000573458	0.000110775	485.234	1050	105	50.5363	32.9697	32.9697	131.879	131.879	0 1099.09 4102.72 	5201.81	0.000684232	6.03778e-06	113.05	1050	113.05	0 1.15747e+06 4.46742e+08 	4.479e+08	275.465	6.5039	12399	666.612	11.6492	0	1.02	1.02
36.8	0.000566161	0.000111847	484.663	1050	105	50.5363	32.9127	32.9127	131.651	131.651	0 1080.79 4101.36 	5182.15	0.000678008	5.98188e-06	110.984	1050	110.984	0 1.1533e+06 4.47724e+08 	4.48877e+08	286.254	6.5039	12399	666.612	11.4615	0	1.02	1.02
37	0.000558895	0.000112936	484.094	1050	105	50.5363	32.8557	32.8557	131.423	131.423	0 1062.43 4099.83 	5162.26	0.000671831	5.92642e-06	108.953	1050	108.953	0 1.14905e+06 4.48689e+08 	4.49838e+08	297.564	6.5039	12399	666.612	11.2761	0	1.02	1.02
37.2	0.000551659	0.000114042	483.525	1050	105	50.5363	32.7989	32.7989	131.196	131.196	0 1044.02 4098.15 	5142.16	0.000665701	5.87138e-06	106.956	1050	106.956	0 1.1447e+06 4.49638e+08 	4.50782e+08	309.427	6.5039	12399	666.612	11.0928	0	1.02	1.02
37.4	0.000544454	0.000115165	482.958	1050	105	50.5363	32.7422	32.7422	130.969	130.969	0 1025.52 4096.28 	5121.8	0.000659619	5.81677e-06	104.993	1050	104.993	0 1.14025e+06 4.5057e+08 	4.5171e+08	321.875	6.5039	12399	666.612	10.9119	0	1.02	1.02
37.6	0.000537278	0.000116306	482.392	1050	105	50.5363	32.6856	32.6856	130.742	130.742	0 1006.95 4094.24 	5101.19	0.000653584	5.76258e-06	103.063	1050	103.063	0 1.1357e+06 4.51487e+08 	4.52622e+08	334.946	6.5039	12399	666.612	10.7331	0	1.02	1.02
37.8	0.00053013	0.000117466	481.827	1050	105	50.5363	32.6291	32.6291	130.516	130.516	0 988.289 4092.02 	5080.31	0.000647596	5.70882e-06	101.166	1050	101.166	0 1.13105e+06 4.52388e+08 	4.53519e+08	348.677	6.5039	12399	666.612	10.5566	0	1.02	1.02
38	0.000523011	0.000118644	481.263	1050	105	50.5363	32.5727	32.5727	130.291	130.291	0 969.521 4089.59 	5059.11	0.000641655	5.65548e-06	99.3017	1050	99.3017	0 1.1263e+06 4.53273e+08 	4.544e+08	363.11	6.5039	12399	666.612	10.3823	0	1.02	1.02
38.2	0.000515919	0.000119841	480.7	1050	105	50.5363	32.5164	32.5164	130.066	130.066	0 950.646 4086.98 	5037.62	0.00063576	5.60256e-06	97.4688	1050	97.4688	0 1.12144e+06 4.54144e+08 	4.55265e+08	378.29	6.5039	12399	666.612	10.2103	0	1.02	1.02
38.4	0.000508854	0.000121059	480.139	1050	105	50.5363	32.4603	32.4603	129.841	129.841	0 931.646 4084.15 	5015.8	0.000629913	5.55007e-06	95.6674	1050	95.6674	0 1.11647e+06 4.54999e+08 	4.56115e+08	394.267	6.5039	12399	666.612	10.0405	0	1.02	1.02
38.6	0.000501815	0.000122296	479.578	1050	105	50.5363	32.4042	32.4042	129.617	129.617	0 912.505 4081.1 	4993.61	0.000624112	5.49799e-06	93.8969	1050	93.8969	0 1.11139e+06 4.55839e+08 	4.56951e+08	411.092	6.5039	12399	666.612	9.87289	0	1.02	1.02
38.8	0.000494802	0.000123555	479.019	1050	105	50.5363	32.3483	32.3483	129.393	129.393	0 893.225 4077.85 	4971.07	0.000618357	5.44633e-06	92.1569	1050	92.1569	0 1.10619e+06 4.56665e+08 	4.57772e+08	428.821	6.5039	12399	666.612	9.70752	0	1.02	1.02
39	0.000487813	0.000124835	478.461	1050	105	50.5363	32.2925	32.2925	129.17	129.17	0 873.778 4074.34 	4948.12	0.000612648	5.39509e-06	90.447	1050	90.447	0 1.10087e+06 4.57477e+08 	4.58578e+08	447.518	6.5039	12399	666.612	9.54436	0	1.02	1.02
39.2	0.000480848	0.000126137	477.904	1050	105	50.5363	32.2368	32.2368	128.947	128.947	0 854.166 4070.6 	4924.77	0.000606985	5.34427e-06	88.7667	1050	88.7667	0 1.09543e+06 4.58274e+08 	4.5937e+08	467.248	6.5039	12399	666.612	9.3834	0	1.02	1.02
39.4	0.000473905	0.000127462	477.348	1050	105	50.5363	32.1812	32.1812	128.725	128.725	0 834.368 4066.61 	4900.98	0.000601367	5.29386e-06	87.1156	1050	87.1156	0 1.08987e+06 4.59058e+08 	4.60148e+08	488.085	6.5039	12399	666.612	9.22464	0	1.02	1.02
39.6	0.000466985	0.00012881	476.793	1050	105	50.5363	32.1257	32.1257	128.503	128.503	0 814.367 4062.35 	4876.72	0.000595795	5.24387e-06	85.4933	1050	85.4933	0 1.08417e+06 4.59827e+08 	4.60912e+08	510.107	6.5039	12399	666.612	9.06805	0	1.02	1.02
39.8	0.000460086	0.000130183	476.239	1050	105	50.5363	32.0703	32.0703	128.281	128.281	0 794.155 4057.83 	4851.99	0.000590268	5.19428e-06	83.8993	1050	83.8993	0 1.07834e+06 4.60583e+08 	4.61662e+08	533.401	6.5039	12399	666.612	8.91364	0	1.02	1.02
40	0.000453207	0.00013158	475.687	1050	105	50.5363	32.015	32.015	128.06	128.06	0 773.703 4053.01 	4826.72	0.000584787	5.14511e-06	82.3332	1050	82.3332	0 1.07238e+06 4.61326e+08 	4.62399e+08	558.06	6.5039	12399	666.612	8.76139	0	1.02	1.02
40.2	0.000446347	0.000133003	475.135	1050	105	50.5363	31.9599	31.9599	127.839	127.839	0 753.012 4047.92 	4800.93	0.00057935	5.09635e-06	80.7946	1050	80.7946	0 1.06627e+06 4.62056e+08 	4.63122e+08	584.189	6.5039	12399	666.612	8.61128	0	1.02	1.02
40.4	0.000439505	0.000134453	474.585	1050	105	50.5363	31.9048	31.9048	127.619	127.619	0 732.048 4042.49 	4774.54	0.000573957	5.048e-06	79.2831	1050	79.2831	0 1.06002e+06 4.62772e+08 	4.63832e+08	611.899	6.5039	12399	666.612	8.46331	0	1.02	1.02
40.6	0.00043268	0.00013593	474.035	1050	105	50.5363	31.8499	31.8499	127.4	127.4	0 710.808 4036.76 	4747.56	0.000568609	5.00005e-06	77.7982	1050	77.7982	0 1.05362e+06 4.63476e+08 	4.6453e+08	641.315	6.5039	12399	666.612	8.31746	0	1.02	1.02
40.8	0.00042587	0.000137435	473.487	1050	105	50.5363	31.7951	31.7951	127.18	127.18	0 689.268 4030.68 	4719.95	0.000563305	4.9525e-06	76.3396	1050	76.3396	0 1.04707e+06 4.64168e+08 	4.65215e+08	672.572	6.5039	12399	666.612	8.17372	0	1.02	1.02
41	0.000419075	0.00013897	472.94	1050	105	50.5363	31.7404	31.7404	126.961	126.961	0 667.403 4024.24 	4691.65	0.000558045	4.90536e-06	74.9068	1050	74.9068	0 1.04036e+06 4.64846e+08 	4.65887e+08	705.822	6.5039	12399	666.612	8.03206	0	1.02	1.02
41.2	0.000412293	0.000140535	472.394	1050	105	50.5363	31.6857	31.6857	126.743	126.743	0 645.196 4017.45 	4662.64	0.000552828	4.85862e-06	73.4994	1050	73.4994	0 1.03349e+06 4.65513e+08 	4.66547e+08	741.229	6.5039	12399	666.612	7.89249	0	1.02	1.02
41.4	0.000405523	0.000142132	471.849	1050	105	50.5363	31.6313	31.6313	126.525	126.525	0 622.615 4010.25 	4632.87	0.000547655	4.81228e-06	72.1171	1050	72.1171	0 1.02645e+06 4.66168e+08 	4.67194e+08	778.976	6.5039	12399	666.612	7.75497	0	1.02	1.02
41.6	0.000398763	0.000143762	471.305	1050	105	50.5363	31.5769	31.5769	126.307	126.307	0 599.649 4002.67 	4602.32	0.000542525	4.76634e-06	70.7595	1050	70.7595	0 1.01924e+06 4.66811e+08 	4.6783e+08	819.267	6.5039	12399	666.612	7.61949	0	1.02	1.02
41.8	0.000392012	0.000145425	470.762	1050	105	50.5363	31.5226	31.5226	126.09	126.09	0 576.258 3994.64 	4570.89	0.000537437	4.7208e-06	69.4261	1050	69.4261	0 1.01185e+06 4.67442e+08 	4.68454e+08	862.327	6.5039	12399	666.612	7.48604	0	1.02	1.02
42	0.000385268	0.000147124	470.22	1050	105	50.5363	31.4684	31.4684	125.874	125.874	0 552.44 3986.18 	4538.62	0.000532392	4.67565e-06	68.1165	1050	68.1165	0 1.00428e+06 4.68062e+08 	4.69066e+08	908.408	6.5039	12399	666.612	7.3546	0	1.02	1.02
42.2	0.00037853	0.000148859	469.68	1050	105	50.5363	31.4143	31.4143	125.657	125.657	0 528.142 3977.24 	4505.38	0.000527389	4.63089e-06	66.8305	1050	66.8305	0 996518 4.6867e+08 	4.69667e+08	957.789	6.5039	12399	666.612	7.22515	0	1.02	1.02
42.4	0.000371795	0.000150633	469.14	1050	105	50.5363	31.3604	31.3604	125.442	125.442	0 503.346 3967.82 	4471.16	0.000522428	4.58653e-06	65.5676	1050	65.5676	0 988560 4.69268e+08 	4.70256e+08	1010.79	6.5039	12399	666.612	7.09768	0	1.02	1.02
42.6	0.000365062	0.000152447	468.602	1050	105	50.5363	31.3065	31.3065	125.226	125.226	0 478.005 3957.86 	4435.86	0.000517509	4.54256e-06	64.3274	1050	64.3274	0 980401 4.69854e+08 	4.70835e+08	1067.75	6.5039	12399	666.612	6.97215	0	1.02	1.02
42.8	0.000358329	0.000154302	468.064	1050	105	50.5363	31.2528	31.2528	125.011	125.011	0 452.096 3947.37 	4399.46	0.000512631	4.49897e-06	63.1096	1050	63.1096	0 972034 4.7043e+08 	4.71402e+08	1129.08	6.5039	12399	666.612	6.84857	0	1.02	1.02
43	0.000351593	0.000156201	467.528	1050	105	50.5363	31.1992	31.1992	124.797	124.797	0 425.57 3936.28 	4361.85	0.000507793	4.45577e-06	61.9138	1050	61.9138	0 963451 4.70995e+08 	4.71958e+08	1195.23	6.5039	12399	666.612	6.7269	0	1.02	1.02
43.2	0.000344852	0.000158145	466.993	1050	105	50.5363	31.1457	31.1457	124.583	124.583	0 398.412 3924.6 	4323.01	0.000502997	4.41296e-06	60.7397	1050	60.7397	0 954645 4.7155e+08 	4.72504e+08	1266.69	6.5039	12399	666.612	6.60712	0	1.02	1.02
43.4	0.000338104	0.000160137	466.459	1050	105	50.5363	31.0922	31.0922	124.369	124.369	0 370.552 3912.26 	4282.81	0.000498241	4.37053e-06	59.5868	1050	59.5868	0 945608 4.72094e+08 	4.7304e+08	1344.06	6.5039	12399	666.612	6.48923	0	1.02	1.02
43.6	0.000331346	0.000162179	465.926	1050	105	50.5363	31.0389	31.0389	124.156	124.156	0 341.952 3899.24 	4241.19	0.000493525	4.32848e-06	58.455	1050	58.455	0 936332 4.72629e+08 	4.73565e+08	1427.99	6.5039	12399	666.612	6.37319	0	1.02	1.02
43.8	0.000324576	0.000164273	465.393	1050	105	50.5363	30.9857	30.9857	123.943	123.943	0 312.548 3885.48 	4198.03	0.000488849	4.28682e-06	57.3437	1050	57.3437	0 926809 4.73153e+08 	4.7408e+08	1519.23	6.5039	12399	666.612	6.25899	0	1.02	1.02
44	0.000317789	0.000166423	464.862	1050	105	50.5363	30.9326	30.9326	123.73	123.73	0 282.297 3870.97 	4153.26	0.000484212	4.24553e-06	56.2527	1050	56.2527	0 917030 4.73668e+08 	4.74585e+08	1618.66	6.5039	12399	666.612	6.14661	0	1.02	1.02
44.2	0.000310983	0.000168631	464.333	1050	105	50.5363	30.8796	30.8796	123.519	123.519	0 251.147 3855.61 	4106.76	0.000479614	4.20462e-06	55.1816	1050	55.1816	0 906983 4.74173e+08 	4.7508e+08	1727.27	6.5039	12399	666.612	6.03602	0	1.02	1.02
44.4	0.000304154	0.000170901	463.804	1050	105	50.5363	30.8267	30.8267	123.307	123.307	0 219.024 3839.4 	4058.42	0.000475055	4.16409e-06	54.1301	1050	54.1301	0 896660 4.74668e+08 	4.75565e+08	1846.25	6.5039	12399	666.612	5.92721	0	1.02	1.02
44.6	0.000297298	0.000173235	463.276	1050	105	50.5363	30.774	30.774	123.096	123.096	0 185.839 3822.22 	4008.06	0.000470534	4.12393e-06	53.0979	1050	53.0979	0 886049 4.75154e+08 	4.7604e+08	1976.93	6.5039	12399	666.612	5.82016	0	1.02	1.02
44.8	0.000290412	0.000175639	462.749	1050	105	50.5363	30.7213	30.7213	122.885	122.885	0 151.523 3804.06 	3955.59	0.000466051	4.08414e-06	52.0846	1050	52.0846	0 875140 4.75632e+08 	4.76507e+08	2120.93	6.5039	12399	666.612	5.71484	0	1.02	1.02
45	0.00028349	0.000178116	462.223	1050	105	50.5363	30.6687	30.6687	122.675	122.675	0 115.989 3784.81 	3900.8	0.000461606	4.04473e-06	51.09	1050	51.09	0 863920 4.761e+08 	4.76963e+08	2280.13	6.5039	12399	666.612	5.61124	0	1.02	1.02
45.2	0.000276526	0.000180671	461.699	1050	105	50.5363	30.6162	30.6162	122.465	122.465	0 79.157 3764.42 	3843.57	0.000457198	4.00569e-06	50.1136	1050	50.1136	0 852374 4.76559e+08 	4.77411e+08	2456.75	6.5039	12399	666.612	5.50934	0	1.02	1.02
45.4	0.000269517	0.00018331	461.175	1050	105	50.5363	30.5639	30.5639	122.256	122.256	0 40.8887 3742.76 	3783.65	0.000452827	3.96701e-06	49.1552	1050	49.1552	0 840491 4.77009e+08 	4.7785e+08	2653.46	6.5039	12399	666.612	5.4091	0	1.02	1.02
45.6	0.000262454	0.000186037	460.653	1050	105	50.5363	30.5116	30.5116	122.047	122.047	0 1.06383 3719.76 	3720.82	0.000448492	3.92871e-06	48.2146	1050	48.2146	0 828254 4.77451e+08 	4.78279e+08	2873.48	6.5039	12399	666.612	5.31052	0	1.02	1.02
45.8	0.000255332	0.000188861	460.131	1050	105	50.5363	30.4595	30.4595	121.838	121.838	0 -40.4358 3695.3 	3654.86	0.000444193	3.89077e-06	47.2913	1050	47.2913	0 815648 4.77884e+08 	4.787e+08	3120.7	6.5039	12399	666.612	5.21358	0	1.02	1.02
46	0.000248143	0.000191787	459.611	1050	105	50.5363	30.4074	30.4074	121.63	121.63	0 -83.7559 3669.24 	3585.48	0.00043993	3.8532e-06	46.3851	1050	46.3851	0 802654 4.7831e+08 	4.79112e+08	3399.89	6.5039	12399	666.612	5.11824	0	1.02	1.02
46.2	0.000240877	0.000194825	459.091	1050	105	50.5363	30.3555	30.3555	121.422	121.422	0 -129.1 3641.45 	3512.35	0.000435702	3.81599e-06	45.4957	1050	45.4957	0 789255 4.78726e+08 	4.79516e+08	3716.91	6.5039	12399	666.612	5.02449	0	1.02	1.02
46.4	0.000233526	0.000197983	458.573	1050	105	50.5363	30.3037	30.3037	121.215	121.215	0 -176.675 3611.74 	3435.07	0.000431509	3.77915e-06	44.6228	1050	44.6228	0 775430 4.79135e+08 	4.79911e+08	4079.1	6.5039	12399	666.612	4.93231	0	1.02	1.02
46.6	0.000226077	0.000201272	458.055	1050	105	50.5363	30.2519	30.2519	121.008	121.008	0 -226.636 3579.96 	3353.33	0.00042735	3.74267e-06	43.7662	1050	43.7662	0 761154 4.79536e+08 	4.80297e+08	4495.72	6.5039	12399	666.612	4.84168	0	1.02	1.02
46.8	0.000218519	0.000204706	457.539	1050	105	50.5363	30.2003	30.2003	120.801	120.801	0 -279.321 3545.86 	3266.54	0.000423225	3.70655e-06	42.9254	1050	42.9254	0 746405 4.79929e+08 	4.80676e+08	4978.56	6.5039	12399	666.612	4.75258	0	1.02	1.02
47	0.000210835	0.000208297	457.024	1050	105	50.5363	30.1488	30.1488	120.595	120.595	0 -335.039 3509.19 	3174.15	0.000419133	3.6708e-06	42.1004	1050	42.1004	0 731158 4.80314e+08 	4.81046e+08	5542.93	6.5039	12399	666.612	4.66498	0	1.02	1.02
47.2	0.00020301	0.000212064	456.51	1050	105	50.5363	30.0973	30.0973	120.389	120.389	0 -394.069 3469.64 	3075.57	0.000415074	3.63541e-06	41.2907	1050	41.2907	0 715377 4.80692e+08 	4.81408e+08	6208.93	6.5039	12399	666.612	4.57887	0	1.02	1.02
47.4	0.000195023	0.000216024	455.996	1050	105	50.5363	30.046	30.046	120.184	120.184	0 -456.926 3426.86 	2969.94	0.000411047	3.60038e-06	40.4961	1050	40.4961	0 699034 4.81062e+08 	4.81762e+08	7003.51	6.5039	12399	666.612	4.49423	0	1.02	1.02
47.6	0.000186848	0.000220203	455.484	1050	105	50.5363	29.9948	29.9948	119.979	119.979	0 -524.109 3380.42 	2856.31	0.000407052	3.56572e-06	39.7164	1050	39.7164	0 682091 4.81425e+08 	4.82107e+08	7963.46	6.5039	12399	666.612	4.41103	0	1.02	1.02
47.8	0.000178459	0.000224629	454.973	1050	105	50.5363	29.9437	29.9437	119.775	119.775	0 -596.184 3329.79 	2733.6	0.000403087	3.53141e-06	38.9513	1050	38.9513	0 664501 4.81781e+08 	4.82446e+08	9140.22	6.5039	12399	666.612	4.32925	0	1.02	1.02
48	0.000169818	0.000229336	454.463	1050	105	50.5363	29.8927	29.8927	119.571	119.571	0 -674.05 3274.32 	2600.27	0.000399153	3.49748e-06	38.2006	1050	38.2006	0 646224 4.8213e+08 	4.82776e+08	10607.7	6.5039	12399	666.612	4.24888	0	1.02	1.02
48.2	0.000160881	0.000234368	453.954	1050	105	50.5363	29.8417	29.8417	119.367	119.367	0 -758.503 3213.19 	2454.68	0.000395249	3.46391e-06	37.4639	1050	37.4639	0 627191 4.82471e+08 	4.83098e+08	12475.4	6.5039	12399	666.612	4.16989	0	1.02	1.02
48.4	0.000151592	0.000239782	453.446	1050	105	50.5363	29.7909	29.7909	119.164	119.164	0 -851.017 3145.36 	2294.35	0.000391374	3.43071e-06	36.741	1050	36.741	0 607352 4.82805e+08 	4.83413e+08	14912.1	6.5039	12399	666.612	4.09226	0	1.02	1.02
48.6	0.000141877	0.000245649	452.938	1050	105	50.5363	29.7402	29.7402	118.961	118.961	0 -953.005 3069.44 	2116.43	0.000387526	3.39788e-06	36.0317	1050	36.0317	0 586612 4.83133e+08 	4.83719e+08	18190.1	6.5039	12399	666.612	4.01598	0	1.02	1.02
48.8	0.000131636	0.00025207	452.432	1050	105	50.5363	29.6896	29.6896	118.758	118.758	0 -1066.96 2983.54 	1916.58	0.000383706	3.36542e-06	35.3358	1050	35.3358	0 564892 4.83453e+08 	4.84018e+08	22774.5	6.5039	12399	666.612	3.94101	0	1.02	1.02
49	0.000120729	0.000259183	451.927	1050	105	50.5363	29.6391	29.6391	118.556	118.556	0 -1195.92 2885 	1689.09	0.000379912	3.33335e-06	34.653	1050	34.653	0 542060 4.83767e+08 	4.84309e+08	29521.5	6.5039	12399	666.612	3.86735	0	1.02	1.02
49.2	0.000108948	0.000267193	451.423	1050	105	50.5363	29.5887	29.5887	118.355	118.355	0 -1344.69 2769.83 	1425.14	0.000376141	3.30167e-06	33.9831	1050	33.9831	0 517963 4.84074e+08 	4.84592e+08	40170.6	6.5039	12399	666.612	3.79496	0	1.02	1.02
49.4	9.59641e-05	0.00027643	450.92	1050	105	50.5363	29.5384	29.5384	118.154	118.154	0 -1521.07 2631.59 	1110.53	0.000372394	3.27038e-06	33.3258	1050	33.3258	0 492397 4.84375e+08 	4.84867e+08	58782	6.5039	12399	666.612	3.72383	0	1.02	1.02
49.6	8.11864e-05	0.00028748	450.418	1050	105	50.5363	29.4882	29.4882	117.953	117.953	0 -1738.9 2458.72 	719.827	0.000368667	3.23951e-06	32.6809	1050	32.6809	0 465048 4.84668e+08 	4.85134e+08	97077.9	6.5039	12399	666.612	3.65394	0	1.02	1.02
49.8	6.33475e-05	0.000301609	449.917	1050	105	50.5363	29.4381	29.4381	117.752	117.752	0 -2028.34 2226.07 	197.729	0.000364956	3.20909e-06	32.0482	1050	32.0482	0 435392 4.84955e+08 	4.8539e+08	204353	6.5039	12399	666.612	3.58524	0	1.02	1.02
50	3.83109e-05	0.000322943	449.417	1050	105	50.5363	29.3881	29.3881	117.552	117.552	0 -2488.22 1850.71 	-637.505	0.000361254	3.17917e-06	31.4275	1050	31.4275	0 402170 4.85234e+08 	4.85636e+08	923855	6.5039	12399	666.612	3.51769	0	1.02	1.02
