1	0.00199693	7.50814e-05	1064.02	1050	105	518.076	44.0946	44.0946	176.379	176.379	0 17729.8 9353.42 	27083.2	0.002074	3.7e-05	1050	1050	1050	0 1.80441e+06 821459 	2.62587e+06	6.5235	6.5039	666.612	666.612	0.00897707	0	1.02	1.02
2	0.00199655	7.52359e-05	1066.05	1050	105	520.22	44.083	44.083	176.332	176.332	0 17690 9318.67 	27008.6	0.002074	3.7e-05	1050	1050	1050	0 1.80203e+06 820483 	2.62252e+06	6.52728	6.5039	666.612	666.612	0.00896076	0	1.02	1.02
3	0.00203216	0.000109436	1590.83	1050	105	1044.2	44.1628	44.1628	176.651	176.651	0 23541.6 8003.23 	31544.9	0.00214159	3.58517e-05	1050	1050	1050	0 630943 305529 	936472	6.19011	6.5039	12399	666.612	0.160112	0	1.02	1.02
4	0.0020091	0.000131306	1897.65	1050	105	1349.9	44.2748	44.2748	177.099	177.099	0 20347.1 6316.54 	26663.6	0.0021404	3.58714e-05	1050	1050	1050	0 619966 300383 	920350	6.40573	6.5039	12399	666.612	0.156937	0	1.02	1.02
5	0.00200568	0.000134587	1943.41	1050	105	1395.22	44.3191	44.3191	177.276	177.276	0 19857.8 6105.38 	25963.2	0.00214027	3.58736e-05	1050	1050	1050	0 618721 299799 	918521	6.43852	6.5039	12399	666.612	0.156543	0	1.02	1.02
6	0.00200537	0.000134877	1947.43	1050	105	1398.89	44.3537	44.3537	177.415	177.415	0 19832.2 6080.95 	25913.1	0.00214025	3.58739e-05	1050	1050	1050	0 618546 299717 	918263	6.44149	6.5039	12399	666.612	0.156482	0	1.02	1.02
7	0.00200535	0.000134898	1947.73	1050	105	1398.85	44.3875	44.3875	177.55	177.55	0 19831.7 6073.01 	25904.7	0.00214025	3.58739e-05	1050	1050	1050	0 618527 299708 	918236	6.44172	6.5039	12399	666.612	0.156466	0	1.02	1.02
8	0.00200537	0.000134874	1947.39	1050	105	1398.18	44.4213	44.4213	177.685	177.685	0 19830 6068.02 	25898	0.00214025	3.58739e-05	1050	1050	1050	0 618558 299723 	918280	6.44145	6.5039	12399	666.612	0.156462	0	1.02	1.02
9	0.00200542	0.000134834	1946.84	1050	105	1397.29	44.4553	44.4553	177.821	177.821	0 19827 6064.11 	25891.1	0.00214025	3.58738e-05	1050	1050	1050	0 618608 299746 	918354	6.44102	6.5039	12399	666.612	0.156464	0	1.02	1.02
10	0.00200547	0.000134788	1946.21	1050	105	1396.31	44.4896	44.4896	177.958	177.958	0 19823.5 6060.71 	25884.2	0.00214026	3.58737e-05	1050	1050	1050	0 618666 299774 	918440	6.44051	6.5039	12399	666.612	0.156467	0	1.02	1.02
11	0.00200553	0.00013474	1945.54	1050	105	1395.3	44.5242	44.5242	178.097	178.097	0 19819.7 6057.57 	25877.3	0.00214027	3.58736e-05	1050	1050	1050	0 618728 299803 	918531	6.43998	6.5039	12399	666.612	0.156472	0	1.02	1.02
12	0.00200558	0.000134691	1944.86	1050	105	1394.27	44.5591	44.5591	178.237	178.237	0 19815.8 6054.59 	25870.4	0.00214027	3.58735e-05	1050	1050	1050	0 618791 299832 	918623	6.43945	6.5039	12399	666.612	0.156478	0	1.02	1.02
13	0.00200564	0.000134642	1944.19	1050	105	1393.24	44.5944	44.5944	178.378	178.378	0 19811.9 6051.72 	25863.6	0.00214028	3.58734e-05	1050	1050	1050	0 618854 299862 	918715	6.43891	6.5039	12399	666.612	0.156483	0	1.02	1.02
14	0.00200569	0.000134594	1943.52	1050	105	1392.22	44.6299	44.6299	178.52	178.52	0 19807.9 6048.94 	25856.9	0.00214029	3.58732e-05	1050	1050	1050	0 618916 299891 	918807	6.43838	6.5039	12399	666.612	0.156489	0	1.02	1.02
15	0.00200575	0.000134546	1942.85	1050	105	1391.19	44.6658	44.6658	178.663	178.663	0 19804 6046.24 	25850.2	0.00214029	3.58731e-05	1050	1050	1050	0 618979 299920 	918899	6.43785	6.5039	12399	666.612	0.156495	0	1.02	1.02
16	0.0020058	0.000134498	1942.2	1050	105	1390.17	44.702	44.702	178.808	178.808	0 19800 6043.61 	25843.6	0.0021403	3.5873e-05	1050	1050	1050	0 619040 299949 	918989	6.43733	6.5039	12399	666.612	0.156501	0	1.02	1.02
17	0.00200586	0.000134451	1941.55	1050	105	1389.16	44.7385	44.7385	178.954	178.954	0 19796.1 6041.07 	25837.1	0.00214031	3.58729e-05	1050	1050	1050	0 619101 299978 	919079	6.43681	6.5039	12399	666.612	0.156507	0	1.02	1.02
18	0.00200591	0.000134405	1940.91	1050	105	1388.15	44.7754	44.7754	179.101	179.101	0 19792.1 6038.59 	25830.7	0.00214031	3.58728e-05	1050	1050	1050	0 619162 300006 	919168	6.4363	6.5039	12399	666.612	0.156513	0	1.02	1.02
19	0.00200596	0.000134359	1940.27	1050	105	1387.15	44.8125	44.8125	179.25	179.25	0 19788.2 6036.19 	25824.4	0.00214032	3.58727e-05	1050	1050	1050	0 619222 300034 	919256	6.4358	6.5039	12399	666.612	0.156519	0	1.02	1.02
20	0.00200601	0.000134314	1939.65	1050	105	1386.15	44.8499	44.8499	179.4	179.4	0 19784.3 6033.86 	25818.1	0.00214033	3.58726e-05	1050	1050	1050	0 619281 300062 	919343	6.4353	6.5039	12399	666.612	0.156525	0	1.02	1.02
21	0.00200606	0.000134269	1939.03	1050	105	1385.15	44.8877	44.8877	179.551	179.551	0 19780.4 6031.6 	25812	0.00214033	3.58725e-05	1050	1050	1050	0 619340 300089 	919429	6.43481	6.5039	12399	666.612	0.156531	0	1.02	1.02
22	0.00200611	0.000134225	1938.42	1050	105	1384.16	44.9257	44.9257	179.703	179.703	0 19776.4 6029.42 	25805.9	0.00214034	3.58724e-05	1050	1050	1050	0 619398 300117 	919515	6.43433	6.5039	12399	666.612	0.156537	0	1.02	1.02
23	0.00200616	0.000134182	1937.82	1050	105	1383.18	44.9641	44.9641	179.856	179.856	0 19772.5 6027.3 	25799.8	0.00214035	3.58723e-05	1050	1050	1050	0 619455 300144 	919599	6.43385	6.5039	12399	666.612	0.156543	0	1.02	1.02
24	0.00200621	0.000134139	1937.22	1050	105	1382.2	45.0027	45.0027	180.011	180.011	0 19768.6 6025.25 	25793.9	0.00214035	3.58722e-05	1050	1050	1050	0 619512 300171 	919683	6.43338	6.5039	12399	666.612	0.156549	0	1.02	1.02
25	0.00200626	0.000134096	1936.64	1050	105	1381.22	45.0416	45.0416	180.166	180.166	0 19764.7 6023.28 	25788	0.00214036	3.58721e-05	1050	1050	1050	0 619569 300197 	919766	6.43291	6.5039	12399	666.612	0.156556	0	1.02	1.02
26	0.00200631	0.000134055	1936.06	1050	105	1380.25	45.0808	45.0808	180.323	180.323	0 19760.8 6021.37 	25782.2	0.00214036	3.5872e-05	1050	1050	1050	0 619625 300223 	919848	6.43245	6.5039	12399	666.612	0.156562	0	1.02	1.02
27	0.00200636	0.000134013	1935.49	1050	105	1379.28	45.1203	45.1203	180.481	180.481	0 19756.9 6019.53 	25776.5	0.00214037	3.58719e-05	1050	1050	1050	0 619680 300249 	919929	6.43199	6.5039	12399	666.612	0.156568	0	1.02	1.02
28	0.0020064	0.000133972	1934.92	1050	105	1378.32	45.1601	45.1601	180.641	180.641	0 19753 6017.76 	25770.8	0.00214038	3.58718e-05	1050	1050	1050	0 619735 300275 	920010	6.43154	6.5039	12399	666.612	0.156575	0	1.02	1.02
29	0.00200645	0.000133932	1934.36	1050	105	1377.36	45.2002	45.2002	180.801	180.801	0 19749.2 6016.05 	25765.2	0.00214038	3.58717e-05	1050	1050	1050	0 619789 300300 	920090	6.4311	6.5039	12399	666.612	0.156581	0	1.02	1.02
30	0.0020065	0.000133892	1933.81	1050	105	1376.41	45.2406	45.2406	180.962	180.962	0 19745.3 6014.41 	25759.7	0.00214039	3.58716e-05	1050	1050	1050	0 619843 300326 	920169	6.43066	6.5039	12399	666.612	0.156587	0	1.02	1.02
31	0.00200654	0.000133853	1933.27	1050	105	1375.46	45.2812	45.2812	181.125	181.125	0 19741.4 6012.84 	25754.2	0.00214039	3.58715e-05	1050	1050	1050	0 619896 300351 	920247	6.43023	6.5039	12399	666.612	0.156594	0	1.02	1.02
32	0.00200658	0.000133815	1932.73	1050	105	1374.51	45.3221	45.3221	181.288	181.288	0 19737.5 6011.33 	25748.9	0.0021404	3.58714e-05	1050	1050	1050	0 619949 300375 	920325	6.4298	6.5039	12399	666.612	0.1566	0	1.02	1.02
33	0.00200663	0.000133776	1932.21	1050	105	1373.57	45.3633	45.3633	181.453	181.453	0 19733.7 6009.89 	25743.6	0.00214041	3.58713e-05	1050	1050	1050	0 620001 300400 	920401	6.42938	6.5039	12399	666.612	0.156607	0	1.02	1.02
34	0.00200667	0.000133739	1931.68	1050	105	1372.64	45.4047	45.4047	181.619	181.619	0 19729.8 6008.51 	25738.3	0.00214041	3.58712e-05	1050	1050	1050	0 620053 300424 	920477	6.42896	6.5039	12399	666.612	0.156614	0	1.02	1.02
35	0.00200671	0.000133701	1931.17	1050	105	1371.7	45.4465	45.4465	181.786	181.786	0 19725.9 6007.2 	25733.1	0.00214042	3.58711e-05	1050	1050	1050	0 620104 300448 	920553	6.42855	6.5039	12399	666.612	0.15662	0	1.02	1.02
36	0.00200676	0.000133665	1930.66	1050	105	1370.78	45.4884	45.4884	181.954	181.954	0 19722.1 6005.95 	25728	0.00214042	3.5871e-05	1050	1050	1050	0 620155 300472 	920627	6.42815	6.5039	12399	666.612	0.156627	0	1.02	1.02
37	0.0020068	0.000133629	1930.16	1050	105	1369.85	45.5307	45.5307	182.123	182.123	0 19718.2 6004.77 	25723	0.00214043	3.58709e-05	1050	1050	1050	0 620205 300496 	920701	6.42775	6.5039	12399	666.612	0.156634	0	1.02	1.02
38	0.00200684	0.000133593	1929.67	1050	105	1368.93	45.5732	45.5732	182.293	182.293	0 19714.4 6003.64 	25718	0.00214043	3.58709e-05	1050	1050	1050	0 620255 300519 	920774	6.42735	6.5039	12399	666.612	0.15664	0	1.02	1.02
39	0.00200688	0.000133558	1929.18	1050	105	1368.02	45.616	45.616	182.464	182.464	0 19710.5 6002.58 	25713.1	0.00214044	3.58708e-05	1050	1050	1050	0 620304 300542 	920846	6.42696	6.5039	12399	666.612	0.156647	0	1.02	1.02
40	0.00200692	0.000133523	1928.7	1050	105	1367.11	45.659	45.659	182.636	182.636	0 19706.7 6001.58 	25708.3	0.00214044	3.58707e-05	1050	1050	1050	0 620353 300565 	920918	6.42658	6.5039	12399	666.612	0.156654	0	1.02	1.02
41	0.00200696	0.000133488	1928.22	1050	105	1366.2	45.7023	45.7023	182.809	182.809	0 19702.8 6000.64 	25703.5	0.00214045	3.58706e-05	1050	1050	1050	0 620401 300587 	920989	6.4262	6.5039	12399	666.612	0.156661	0	1.02	1.02
42	0.002007	0.000133455	1927.75	1050	105	1365.3	45.7458	45.7458	182.983	182.983	0 19699 5999.76 	25698.8	0.00214045	3.58705e-05	1050	1050	1050	0 620449 300610 	921059	6.42582	6.5039	12399	666.612	0.156667	0	1.02	1.02
43	0.00200704	0.000133421	1927.29	1050	105	1364.4	45.7896	45.7896	183.158	183.158	0 19695.2 5998.95 	25694.1	0.00214046	3.58704e-05	1050	1050	1050	0 620496 300632 	921129	6.42545	6.5039	12399	666.612	0.156674	0	1.02	1.02
44	0.00200708	0.000133388	1926.84	1050	105	1363.5	45.8336	45.8336	183.335	183.335	0 19691.3 5998.19 	25689.5	0.00214046	3.58703e-05	1050	1050	1050	0 620543 300654 	921197	6.42509	6.5039	12399	666.612	0.156681	0	1.02	1.02
45	0.00200711	0.000133356	1926.39	1050	105	1362.61	45.8779	45.8779	183.512	183.512	0 19687.5 5997.49 	25685	0.00214047	3.58703e-05	1050	1050	1050	0 620590 300676 	921266	6.42473	6.5039	12399	666.612	0.156688	0	1.02	1.02
46	0.00200715	0.000133324	1925.95	1050	105	1361.72	45.9225	45.9225	183.69	183.69	0 19683.7 5996.85 	25680.5	0.00214047	3.58702e-05	1050	1050	1050	0 620636 300697 	921333	6.42437	6.5039	12399	666.612	0.156695	0	1.02	1.02
47	0.00200719	0.000133293	1925.51	1050	105	1360.84	45.9672	45.9672	183.869	183.869	0 19679.9 5996.26 	25676.1	0.00214048	3.58701e-05	1050	1050	1050	0 620681 300719 	921400	6.42402	6.5039	12399	666.612	0.156702	0	1.02	1.02
48	0.00200722	0.000133261	1925.08	1050	105	1359.96	46.0122	46.0122	184.049	184.049	0 19676.1 5995.74 	25671.8	0.00214048	3.587e-05	1050	1050	1050	0 620726 300740 	921466	6.42368	6.5039	12399	666.612	0.156709	0	1.02	1.02
49	0.00200726	0.000133231	1924.66	1050	105	1359.08	46.0575	46.0575	184.23	184.23	0 19672.2 5995.27 	25667.5	0.00214049	3.58699e-05	1050	1050	1050	0 620771 300761 	921532	6.42334	6.5039	12399	666.612	0.156716	0	1.02	1.02
50	0.00200729	0.000133201	1924.24	1050	105	1358.21	46.1029	46.1029	184.412	184.412	0 19668.4 5994.86 	25663.3	0.00214049	3.58698e-05	1050	1050	1050	0 620815 300782 	921597	6.423	6.5039	12399	666.612	0.156723	0	1.02	1.02
51	0.00200733	0.000133171	1923.83	1050	105	1357.34	46.1487	46.1487	184.595	184.595	0 19664.6 5994.5 	25659.1	0.0021405	3.58698e-05	1050	1050	1050	0 620859 300802 	921661	6.42267	6.5039	12399	666.612	0.156731	0	1.02	1.02
52	0.00200736	0.000133142	1923.42	1050	105	1356.48	46.1946	46.1946	184.778	184.778	0 19660.8 5994.2 	25655	0.0021405	3.58697e-05	1050	1050	1050	0 620902 300822 	921724	6.42235	6.5039	12399	666.612	0.156738	0	1.02	1.02
53	0.00200739	0.000133113	1923.02	1050	105	1355.62	46.2408	46.2408	184.963	184.963	0 19657 5993.96 	25651	0.00214051	3.58696e-05	1050	1050	1050	0 620945 300842 	921787	6.42202	6.5039	12399	666.612	0.156745	0	1.02	1.02
54	0.00200743	0.000133084	1922.63	1050	105	1354.76	46.2872	46.2872	185.149	185.149	0 19653.2 5993.77 	25647	0.00214051	3.58695e-05	1050	1050	1050	0 620987 300862 	921850	6.42171	6.5039	12399	666.612	0.156752	0	1.02	1.02
55	0.00200746	0.000133056	1922.24	1050	105	1353.91	46.3338	46.3338	185.335	185.335	0 19649.4 5993.63 	25643	0.00214052	3.58695e-05	1050	1050	1050	0 621029 300882 	921911	6.42139	6.5039	12399	666.612	0.156759	0	1.02	1.02
56	0.00200749	0.000133029	1921.86	1050	105	1353.06	46.3807	46.3807	185.523	185.523	0 19645.6 5993.55 	25639.2	0.00214052	3.58694e-05	1050	1050	1050	0 621071 300902 	921972	6.42109	6.5039	12399	666.612	0.156767	0	1.02	1.02
57	0.00200752	0.000133002	1921.49	1050	105	1352.21	46.4277	46.4277	185.711	185.711	0 19641.8 5993.52 	25635.4	0.00214053	3.58693e-05	1050	1050	1050	0 621112 300921 	922033	6.42078	6.5039	12399	666.612	0.156774	0	1.02	1.02
58	0.00200756	0.000132975	1921.12	1050	105	1351.37	46.475	46.475	185.9	185.9	0 19638 5993.55 	25631.6	0.00214053	3.58692e-05	1050	1050	1050	0 621153 300940 	922093	6.42048	6.5039	12399	666.612	0.156781	0	1.02	1.02
59	0.00200759	0.000132948	1920.75	1050	105	1350.53	46.5225	46.5225	186.09	186.09	0 19634.3 5993.62 	25627.9	0.00214053	3.58692e-05	1050	1050	1050	0 621193 300959 	922152	6.42019	6.5039	12399	666.612	0.156789	0	1.02	1.02
60	0.00200762	0.000132922	1920.39	1050	105	1349.69	46.5703	46.5703	186.281	186.281	0 19630.5 5993.75 	25624.2	0.00214054	3.58691e-05	1050	1050	1050	0 621233 300978 	922211	6.4199	6.5039	12399	666.612	0.156796	0	1.02	1.02
61	0.00200765	0.000132897	1920.04	1050	105	1348.86	46.6182	46.6182	186.473	186.473	0 19626.7 5993.93 	25620.6	0.00214054	3.5869e-05	1050	1050	1050	0 621273 300996 	922269	6.41961	6.5039	12399	666.612	0.156803	0	1.02	1.02
62	0.00200768	0.000132872	1919.69	1050	105	1348.03	46.6663	46.6663	186.665	186.665	0 19622.9 5994.16 	25617.1	0.00214055	3.5869e-05	1050	1050	1050	0 621312 301014 	922326	6.41933	6.5039	12399	666.612	0.156811	0	1.02	1.02
63	0.0020077	0.000132847	1919.35	1050	105	1347.2	46.7147	46.7147	186.859	186.859	0 19619.2 5994.45 	25613.6	0.00214055	3.58689e-05	1050	1050	1050	0 621350 301033 	922383	6.41905	6.5039	12399	666.612	0.156818	0	1.02	1.02
64	0.00200773	0.000132823	1919.01	1050	105	1346.38	46.7633	46.7633	187.053	187.053	0 19615.4 5994.78 	25610.2	0.00214056	3.58688e-05	1050	1050	1050	0 621389 301051 	922439	6.41878	6.5039	12399	666.612	0.156826	0	1.02	1.02
65	0.00200776	0.000132799	1918.68	1050	105	1345.56	46.8121	46.8121	187.248	187.248	0 19611.6 5995.16 	25606.8	0.00214056	3.58688e-05	1050	1050	1050	0 621427 301068 	922495	6.41851	6.5039	12399	666.612	0.156833	0	1.02	1.02
66	0.00200779	0.000132775	1918.36	1050	105	1344.75	46.861	46.861	187.444	187.444	0 19607.9 5995.59 	25603.4	0.00214056	3.58687e-05	1050	1050	1050	0 621464 301086 	922550	6.41824	6.5039	12399	666.612	0.156841	0	1.02	1.02
67	0.00200782	0.000132752	1918.03	1050	105	1343.93	46.9102	46.9102	187.641	187.641	0 19604.1 5996.07 	25600.2	0.00214057	3.58686e-05	1050	1050	1050	0 621501 301103 	922605	6.41798	6.5039	12399	666.612	0.156848	0	1.02	1.02
68	0.00200784	0.000132729	1917.72	1050	105	1343.12	46.9596	46.9596	187.838	187.838	0 19600.3 5996.6 	25596.9	0.00214057	3.58686e-05	1050	1050	1050	0 621538 301121 	922659	6.41773	6.5039	12399	666.612	0.156856	0	1.02	1.02
69	0.00200787	0.000132707	1917.41	1050	105	1342.32	47.0092	47.0092	188.037	188.037	0 19596.6 5997.18 	25593.8	0.00214058	3.58685e-05	1050	1050	1050	0 621574 301138 	922712	6.41747	6.5039	12399	666.612	0.156864	0	1.02	1.02
70	0.0020079	0.000132685	1917.11	1050	105	1341.52	47.059	47.059	188.236	188.236	0 19592.8 5997.8 	25590.6	0.00214058	3.58684e-05	1050	1050	1050	0 621610 301155 	922765	6.41722	6.5039	12399	666.612	0.156871	0	1.02	1.02
71	0.00200792	0.000132663	1916.81	1050	105	1340.72	47.1089	47.1089	188.436	188.436	0 19589.1 5998.47 	25587.6	0.00214058	3.58684e-05	1050	1050	1050	0 621646 301171 	922817	6.41698	6.5039	12399	666.612	0.156879	0	1.02	1.02
72	0.00200795	0.000132642	1916.51	1050	105	1339.92	47.1591	47.1591	188.636	188.636	0 19585.3 5999.19 	25584.5	0.00214059	3.58683e-05	1050	1050	1050	0 621681 301188 	922869	6.41674	6.5039	12399	666.612	0.156887	0	1.02	1.02
73	0.00200797	0.000132621	1916.22	1050	105	1339.13	47.2095	47.2095	188.838	188.838	0 19581.6 5999.95 	25581.6	0.00214059	3.58682e-05	1050	1050	1050	0 621716 301204 	922920	6.4165	6.5039	12399	666.612	0.156894	0	1.02	1.02
74	0.00200799	0.0001326	1915.94	1050	105	1338.34	47.26	47.26	189.04	189.04	0 19577.9 6000.76 	25578.6	0.0021406	3.58682e-05	1050	1050	1050	0 621751 301220 	922971	6.41627	6.5039	12399	666.612	0.156902	0	1.02	1.02
75	0.00200802	0.00013258	1915.66	1050	105	1337.55	47.3108	47.3108	189.243	189.243	0 19574.1 6001.62 	25575.7	0.0021406	3.58681e-05	1050	1050	1050	0 621785 301236 	923021	6.41604	6.5039	12399	666.612	0.15691	0	1.02	1.02
76	0.00200804	0.00013256	1915.38	1050	105	1336.77	47.3617	47.3617	189.447	189.447	0 19570.4 6002.52 	25572.9	0.0021406	3.58681e-05	1050	1050	1050	0 621819 301252 	923071	6.41581	6.5039	12399	666.612	0.156918	0	1.02	1.02
77	0.00200807	0.000132541	1915.11	1050	105	1335.99	47.4128	47.4128	189.651	189.651	0 19566.7 6003.46 	25570.1	0.00214061	3.5868e-05	1050	1050	1050	0 621852 301268 	923120	6.41559	6.5039	12399	666.612	0.156926	0	1.02	1.02
78	0.00200809	0.000132522	1914.85	1050	105	1335.21	47.4641	47.4641	189.856	189.856	0 19562.9 6004.45 	25567.4	0.00214061	3.58679e-05	1050	1050	1050	0 621885 301283 	923169	6.41537	6.5039	12399	666.612	0.156933	0	1.02	1.02
79	0.00200811	0.000132503	1914.59	1050	105	1334.44	47.5156	47.5156	190.062	190.062	0 19559.2 6005.48 	25564.7	0.00214061	3.58679e-05	1050	1050	1050	0 621918 301299 	923217	6.41516	6.5039	12399	666.612	0.156941	0	1.02	1.02
80	0.00200813	0.000132484	1914.34	1050	105	1333.66	47.5672	47.5672	190.269	190.269	0 19555.5 6006.56 	25562.1	0.00214062	3.58678e-05	1050	1050	1050	0 621950 301314 	923264	6.41495	6.5039	12399	666.612	0.156949	0	1.02	1.02
81	0.00200815	0.000132466	1914.09	1050	105	1332.9	47.619	47.619	190.476	190.476	0 19551.8 6007.68 	25559.5	0.00214062	3.58678e-05	1050	1050	1050	0 621982 301329 	923312	6.41474	6.5039	12399	666.612	0.156957	0	1.02	1.02
82	0.00200818	0.000132448	1913.84	1050	105	1332.13	47.671	47.671	190.684	190.684	0 19548.1 6008.84 	25556.9	0.00214062	3.58677e-05	1050	1050	1050	0 622014 301344 	923358	6.41454	6.5039	12399	666.612	0.156965	0	1.02	1.02
83	0.0020082	0.000132431	1913.6	1050	105	1331.37	47.7232	47.7232	190.893	190.893	0 19544.4 6010.04 	25554.4	0.00214063	3.58676e-05	1050	1050	1050	0 622046 301359 	923404	6.41434	6.5039	12399	666.612	0.156973	0	1.02	1.02
84	0.00200822	0.000132414	1913.36	1050	105	1330.61	47.7756	47.7756	191.102	191.102	0 19540.7 6011.29 	25552	0.00214063	3.58676e-05	1050	1050	1050	0 622077 301373 	923450	6.41414	6.5039	12399	666.612	0.156981	0	1.02	1.02
85	0.00200824	0.000132397	1913.13	1050	105	1329.85	47.8281	47.8281	191.312	191.312	0 19537 6012.58 	25549.5	0.00214063	3.58675e-05	1050	1050	1050	0 622107 301388 	923495	6.41395	6.5039	12399	666.612	0.156989	0	1.02	1.02
86	0.00200826	0.000132381	1912.91	1050	105	1329.1	47.8808	47.8808	191.523	191.523	0 19533.3 6013.9 	25547.2	0.00214064	3.58675e-05	1050	1050	1050	0 622138 301402 	923539	6.41376	6.5039	12399	666.612	0.156997	0	1.02	1.02
87	0.00200828	0.000132365	1912.68	1050	105	1328.35	47.9337	47.9337	191.735	191.735	0 19529.6 6015.27 	25544.8	0.00214064	3.58674e-05	1050	1050	1050	0 622168 301416 	923583	6.41358	6.5039	12399	666.612	0.157005	0	1.02	1.02
88	0.00200829	0.000132349	1912.47	1050	105	1327.6	47.9867	47.9867	191.947	191.947	0 19525.9 6016.68 	25542.6	0.00214064	3.58674e-05	1050	1050	1050	0 622197 301430 	923627	6.41339	6.5039	12399	666.612	0.157013	0	1.02	1.02
89	0.00200831	0.000132333	1912.25	1050	105	1326.85	48.0399	48.0399	192.16	192.16	0 19522.2 6018.13 	25540.3	0.00214065	3.58673e-05	1050	1050	1050	0 622227 301444 	923670	6.41322	6.5039	12399	666.612	0.157021	0	1.02	1.02
90	0.00200833	0.000132318	1912.05	1050	105	1326.11	48.0933	48.0933	192.373	192.373	0 19518.5 6019.62 	25538.1	0.00214065	3.58673e-05	1050	1050	1050	0 622256 301457 	923713	6.41304	6.5039	12399	666.612	0.157029	0	1.02	1.02
91	0.00200835	0.000132304	1911.84	1050	105	1325.37	48.1468	48.1468	192.587	192.587	0 19514.8 6021.15 	25536	0.00214065	3.58672e-05	1050	1050	1050	0 622284 301471 	923755	6.41287	6.5039	12399	666.612	0.157037	0	1.02	1.02
92	0.00200837	0.000132289	1911.64	1050	105	1324.64	48.2005	48.2005	192.802	192.802	0 19511.2 6022.71 	25533.9	0.00214066	3.58672e-05	1050	1050	1050	0 622313 301484 	923797	6.4127	6.5039	12399	666.612	0.157045	0	1.02	1.02
93	0.00200838	0.000132275	1911.45	1050	105	1323.9	48.2543	48.2543	193.017	193.017	0 19507.5 6024.32 	25531.8	0.00214066	3.58671e-05	1050	1050	1050	0 622341 301497 	923838	6.41254	6.5039	12399	666.612	0.157053	0	1.02	1.02
94	0.0020084	0.000132261	1911.25	1050	105	1323.17	48.3083	48.3083	193.233	193.233	0 19503.8 6025.96 	25529.8	0.00214066	3.58671e-05	1050	1050	1050	0 622369 301510 	923879	6.41237	6.5039	12399	666.612	0.157061	0	1.02	1.02
95	0.00200842	0.000132247	1911.07	1050	105	1322.44	48.3625	48.3625	193.45	193.45	0 19500.1 6027.64 	25527.8	0.00214067	3.5867e-05	1050	1050	1050	0 622396 301523 	923919	6.41222	6.5039	12399	666.612	0.157069	0	1.02	1.02
96	0.00200843	0.000132234	1910.89	1050	105	1321.72	48.4168	48.4168	193.667	193.667	0 19496.5 6029.36 	25525.8	0.00214067	3.5867e-05	1050	1050	1050	0 622423 301536 	923959	6.41206	6.5039	12399	666.612	0.157078	0	1.02	1.02
97	0.00200845	0.000132221	1910.71	1050	105	1320.99	48.4712	48.4712	193.885	193.885	0 19492.8 6031.11 	25523.9	0.00214067	3.58669e-05	1050	1050	1050	0 622450 301548 	923998	6.41191	6.5039	12399	666.612	0.157086	0	1.02	1.02
98	0.00200847	0.000132209	1910.53	1050	105	1320.27	48.5258	48.5258	194.103	194.103	0 19489.2 6032.9 	25522.1	0.00214067	3.58669e-05	1050	1050	1050	0 622477 301561 	924037	6.41176	6.5039	12399	666.612	0.157094	0	1.02	1.02
99	0.00200848	0.000132196	1910.36	1050	105	1319.56	48.5806	48.5806	194.322	194.322	0 19485.5 6034.73 	25520.3	0.00214068	3.58668e-05	1050	1050	1050	0 622503 301573 	924076	6.41161	6.5039	12399	666.612	0.157102	0	1.02	1.02
100	0.0020085	0.000132184	1910.2	1050	105	1318.84	48.6355	48.6355	194.542	194.542	0 19481.9 6036.6 	25518.5	0.00214068	3.58668e-05	1050	1050	1050	0 622529 301585 	924114	6.41147	6.5039	12399	666.612	0.15711	0	1.02	1.02
101	0.00200851	0.000132172	1910.03	1050	105	1318.13	48.6905	48.6905	194.762	194.762	0 19478.2 6038.49 	25516.7	0.00214068	3.58667e-05	1050	1050	1050	0 622554 301597 	924152	6.41133	6.5039	12399	666.612	0.157119	0	1.02	1.02
102	0.00200852	0.000132161	1909.88	1050	105	1317.42	48.7457	48.7457	194.983	194.983	0 19474.6 6040.43 	25515	0.00214069	3.58667e-05	1050	1050	1050	0 622580 301609 	924189	6.4112	6.5039	12399	666.612	0.157127	0	1.02	1.02
103	0.00200854	0.00013215	1909.72	1050	105	1316.71	48.8011	48.8011	195.204	195.204	0 19471 6042.4 	25513.4	0.00214069	3.58666e-05	1050	1050	1050	0 622605 301621 	924226	6.41106	6.5039	12399	666.612	0.157135	0	1.02	1.02
104	0.00200855	0.000132139	1909.57	1050	105	1316.01	48.8566	48.8566	195.426	195.426	0 19467.3 6044.4 	25511.7	0.00214069	3.58666e-05	1050	1050	1050	0 622630 301632 	924262	6.41093	6.5039	12399	666.612	0.157143	0	1.02	1.02
105	0.00200856	0.000132128	1909.43	1050	105	1315.3	48.9122	48.9122	195.649	195.649	0 19463.7 6046.44 	25510.1	0.00214069	3.58666e-05	1050	1050	1050	0 622654 301644 	924298	6.41081	6.5039	12399	666.612	0.157152	0	1.02	1.02
106	0.00200858	0.000132118	1909.28	1050	105	1314.6	48.9679	48.9679	195.872	195.872	0 19460.1 6048.51 	25508.6	0.0021407	3.58665e-05	1050	1050	1050	0 622678 301655 	924334	6.41068	6.5039	12399	666.612	0.15716	0	1.02	1.02
107	0.00200859	0.000132108	1909.15	1050	105	1313.91	49.0238	49.0238	196.095	196.095	0 19456.5 6050.61 	25507.1	0.0021407	3.58665e-05	1050	1050	1050	0 622702 301667 	924369	6.41056	6.5039	12399	666.612	0.157168	0	1.02	1.02
108	0.0020086	0.000132098	1909.01	1050	105	1313.21	49.0799	49.0799	196.319	196.319	0 19452.8 6052.75 	25505.6	0.0021407	3.58664e-05	1050	1050	1050	0 622726 301678 	924403	6.41044	6.5039	12399	666.612	0.157177	0	1.02	1.02
109	0.00200861	0.000132089	1908.88	1050	105	1312.52	49.136	49.136	196.544	196.544	0 19449.2 6054.92 	25504.2	0.0021407	3.58664e-05	1050	1050	1050	0 622749 301689 	924438	6.41033	6.5039	12399	666.612	0.157185	0	1.02	1.02
110	0.00200863	0.000132079	1908.75	1050	105	1311.83	49.1923	49.1923	196.769	196.769	0 19445.6 6057.13 	25502.7	0.00214071	3.58663e-05	1050	1050	1050	0 622772 301699 	924472	6.41021	6.5039	12399	666.612	0.157193	0	1.02	1.02
111	0.00200864	0.00013207	1908.63	1050	105	1311.14	49.2488	49.2488	196.995	196.995	0 19442 6059.36 	25501.4	0.00214071	3.58663e-05	1050	1050	1050	0 622795 301710 	924505	6.41011	6.5039	12399	666.612	0.157202	0	1.02	1.02
112	0.00200865	0.000132062	1908.51	1050	105	1310.46	49.3053	49.3053	197.221	197.221	0 19438.4 6061.63 	25500	0.00214071	3.58663e-05	1050	1050	1050	0 622818 301721 	924538	6.41	6.5039	12399	666.612	0.15721	0	1.02	1.02
113	0.00200866	0.000132053	1908.39	1050	105	1309.77	49.362	49.362	197.448	197.448	0 19434.8 6063.93 	25498.8	0.00214071	3.58662e-05	1050	1050	1050	0 622840 301731 	924571	6.40989	6.5039	12399	666.612	0.157219	0	1.02	1.02
114	0.00200867	0.000132045	1908.28	1050	105	1309.09	49.4188	49.4188	197.675	197.675	0 19431.2 6066.26 	25497.5	0.00214072	3.58662e-05	1050	1050	1050	0 622862 301741 	924603	6.40979	6.5039	12399	666.612	0.157227	0	1.02	1.02
115	0.00200868	0.000132037	1908.17	1050	105	1308.42	49.4758	49.4758	197.903	197.903	0 19427.6 6068.62 	25496.3	0.00214072	3.58661e-05	1050	1050	1050	0 622884 301752 	924635	6.4097	6.5039	12399	666.612	0.157235	0	1.02	1.02
116	0.00200869	0.00013203	1908.07	1050	105	1307.74	49.5329	49.5329	198.131	198.131	0 19424.1 6071.01 	25495.1	0.00214072	3.58661e-05	1050	1050	1050	0 622905 301762 	924667	6.4096	6.5039	12399	666.612	0.157244	0	1.02	1.02
117	0.0020087	0.000132022	1907.97	1050	105	1307.07	49.5901	49.5901	198.36	198.36	0 19420.5 6073.44 	25493.9	0.00214072	3.58661e-05	1050	1050	1050	0 622926 301772 	924698	6.40951	6.5039	12399	666.612	0.157252	0	1.02	1.02
118	0.00200871	0.000132015	1907.87	1050	105	1306.4	49.6474	49.6474	198.589	198.589	0 19416.9 6075.89 	25492.8	0.00214073	3.5866e-05	1050	1050	1050	0 622947 301781 	924728	6.40942	6.5039	12399	666.612	0.157261	0	1.02	1.02
119	0.00200872	0.000132008	1907.78	1050	105	1305.73	49.7048	49.7048	198.819	198.819	0 19413.3 6078.37 	25491.7	0.00214073	3.5866e-05	1050	1050	1050	0 622968 301791 	924759	6.40933	6.5039	12399	666.612	0.157269	0	1.02	1.02
120	0.00200873	0.000132001	1907.68	1050	105	1305.06	49.7624	49.7624	199.049	199.049	0 19409.8 6080.88 	25490.6	0.00214073	3.5866e-05	1050	1050	1050	0 622988 301801 	924789	6.40924	6.5039	12399	666.612	0.157278	0	1.02	1.02
121	0.00200874	0.000131995	1907.6	1050	105	1304.4	49.82	49.82	199.28	199.28	0 19406.2 6083.42 	25489.6	0.00214073	3.58659e-05	1050	1050	1050	0 623008 301810 	924818	6.40916	6.5039	12399	666.612	0.157286	0	1.02	1.02
122	0.00200874	0.000131989	1907.51	1050	105	1303.73	49.8778	49.8778	199.511	199.511	0 19402.6 6085.99 	25488.6	0.00214073	3.58659e-05	1050	1050	1050	0 623028 301819 	924848	6.40908	6.5039	12399	666.612	0.157295	0	1.02	1.02
123	0.00200875	0.000131983	1907.43	1050	105	1303.08	49.9357	49.9357	199.743	199.743	0 19399.1 6088.59 	25487.7	0.00214074	3.58659e-05	1050	1050	1050	0 623048 301829 	924877	6.40901	6.5039	12399	666.612	0.157303	0	1.02	1.02
124	0.00200876	0.000131977	1907.36	1050	105	1302.42	49.9937	49.9937	199.975	199.975	0 19395.5 6091.21 	25486.8	0.00214074	3.58658e-05	1050	1050	1050	0 623067 301838 	924905	6.40893	6.5039	12399	666.612	0.157312	0	1.02	1.02
125	0.00200877	0.000131972	1907.28	1050	105	1301.76	50.0519	50.0519	200.207	200.207	0 19392 6093.87 	25485.9	0.00214074	3.58658e-05	1050	1050	1050	0 623087 301847 	924933	6.40886	6.5039	12399	666.612	0.15732	0	1.02	1.02
126	0.00200878	0.000131967	1907.21	1050	105	1301.11	50.1101	50.1101	200.44	200.44	0 19388.5 6096.55 	25485	0.00214074	3.58657e-05	1050	1050	1050	0 623105 301856 	924961	6.40879	6.5039	12399	666.612	0.157329	0	1.02	1.02
127	0.00200878	0.000131962	1907.14	1050	105	1300.46	50.1684	50.1684	200.674	200.674	0 19384.9 6099.25 	25484.2	0.00214074	3.58657e-05	1050	1050	1050	0 623124 301864 	924989	6.40872	6.5039	12399	666.612	0.157337	0	1.02	1.02
128	0.00200879	0.000131957	1907.08	1050	105	1299.81	50.2269	50.2269	200.908	200.908	0 19381.4 6101.99 	25483.4	0.00214075	3.58657e-05	1050	1050	1050	0 623143 301873 	925016	6.40866	6.5039	12399	666.612	0.157346	0	1.02	1.02
129	0.0020088	0.000131953	1907.02	1050	105	1299.16	50.2855	50.2855	201.142	201.142	0 19377.9 6104.75 	25482.6	0.00214075	3.58656e-05	1050	1050	1050	0 623161 301882 	925042	6.4086	6.5039	12399	666.612	0.157354	0	1.02	1.02
130	0.0020088	0.000131948	1906.96	1050	105	1298.52	50.3441	50.3441	201.377	201.377	0 19374.3 6107.54 	25481.9	0.00214075	3.58656e-05	1050	1050	1050	0 623179 301890 	925069	6.40854	6.5039	12399	666.612	0.157363	0	1.02	1.02
131	0.00200881	0.000131944	1906.91	1050	105	1297.88	50.4029	50.4029	201.612	201.612	0 19370.8 6110.36 	25481.2	0.00214075	3.58656e-05	1050	1050	1050	0 623197 301898 	925095	6.40848	6.5039	12399	666.612	0.157372	0	1.02	1.02
132	0.00200881	0.00013194	1906.85	1050	105	1297.24	50.4618	50.4618	201.847	201.847	0 19367.3 6113.2 	25480.5	0.00214075	3.58656e-05	1050	1050	1050	0 623214 301907 	925121	6.40843	6.5039	12399	666.612	0.15738	0	1.02	1.02
133	0.00200882	0.000131937	1906.81	1050	105	1296.6	50.5208	50.5208	202.083	202.083	0 19363.8 6116.06 	25479.8	0.00214076	3.58655e-05	1050	1050	1050	0 623231 301915 	925146	6.40837	6.5039	12399	666.612	0.157389	0	1.02	1.02
134	0.00200882	0.000131934	1906.76	1050	105	1295.96	50.5798	50.5798	202.319	202.319	0 19360.3 6118.95 	25479.2	0.00214076	3.58655e-05	1050	1050	1050	0 623248 301923 	925171	6.40832	6.5039	12399	666.612	0.157397	0	1.02	1.02
135	0.00200883	0.00013193	1906.72	1050	105	1295.33	50.639	50.639	202.556	202.556	0 19356.8 6121.87 	25478.6	0.00214076	3.58655e-05	1050	1050	1050	0 623265 301931 	925196	6.40828	6.5039	12399	666.612	0.157406	0	1.02	1.02
136	0.00200883	0.000131927	1906.68	1050	105	1294.7	50.6983	50.6983	202.793	202.793	0 19353.3 6124.81 	25478.1	0.00214076	3.58654e-05	1050	1050	1050	0 623282 301938 	925220	6.40823	6.5039	12399	666.612	0.157415	0	1.02	1.02
137	0.00200884	0.000131925	1906.64	1050	105	1294.07	50.7577	50.7577	203.031	203.031	0 19349.8 6127.78 	25477.6	0.00214076	3.58654e-05	1050	1050	1050	0 623298 301946 	925244	6.40819	6.5039	12399	666.612	0.157423	0	1.02	1.02
138	0.00200884	0.000131922	1906.61	1050	105	1293.44	50.8171	50.8171	203.269	203.269	0 19346.3 6130.77 	25477.1	0.00214076	3.58654e-05	1050	1050	1050	0 623314 301954 	925268	6.40815	6.5039	12399	666.612	0.157432	0	1.02	1.02
139	0.00200885	0.00013192	1906.58	1050	105	1292.81	50.8767	50.8767	203.507	203.507	0 19342.8 6133.78 	25476.6	0.00214077	3.58653e-05	1050	1050	1050	0 623330 301961 	925291	6.40811	6.5039	12399	666.612	0.157441	0	1.02	1.02
140	0.00200885	0.000131918	1906.55	1050	105	1292.19	50.9364	50.9364	203.745	203.745	0 19339.3 6136.82 	25476.2	0.00214077	3.58653e-05	1050	1050	1050	0 623346 301968 	925314	6.40807	6.5039	12399	666.612	0.157449	0	1.02	1.02
141	0.00200885	0.000131916	1906.53	1050	105	1291.57	50.9961	50.9961	203.984	203.984	0 19335.9 6139.88 	25475.7	0.00214077	3.58653e-05	1050	1050	1050	0 623361 301976 	925337	6.40804	6.5039	12399	666.612	0.157458	0	1.02	1.02
142	0.00200886	0.000131914	1906.5	1050	105	1290.95	51.056	51.056	204.224	204.224	0 19332.4 6142.97 	25475.3	0.00214077	3.58653e-05	1050	1050	1050	0 623377 301983 	925360	6.40801	6.5039	12399	666.612	0.157467	0	1.02	1.02
143	0.00200886	0.000131913	1906.49	1050	105	1290.33	51.1159	51.1159	204.464	204.464	0 19328.9 6146.07 	25475	0.00214077	3.58652e-05	1050	1050	1050	0 623392 301990 	925382	6.40798	6.5039	12399	666.612	0.157475	0	1.02	1.02
144	0.00200886	0.000131912	1906.47	1050	105	1289.71	51.1759	51.1759	204.704	204.704	0 19325.5 6149.2 	25474.7	0.00214077	3.58652e-05	1050	1050	1050	0 623407 301997 	925404	6.40795	6.5039	12399	666.612	0.157484	0	1.02	1.02
145	0.00200887	0.000131911	1906.46	1050	105	1289.1	51.236	51.236	204.944	204.944	0 19322 6152.36 	25474.4	0.00214078	3.58652e-05	1050	1050	1050	0 623421 302004 	925425	6.40792	6.5039	12399	666.612	0.157493	0	1.02	1.02
146	0.00200887	0.00013191	1906.45	1050	105	1288.48	51.2962	51.2962	205.185	205.185	0 19318.5 6155.53 	25474.1	0.00214078	3.58652e-05	1050	1050	1050	0 623436 302010 	925446	6.4079	6.5039	12399	666.612	0.157501	0	1.02	1.02
147	0.00200887	0.000131909	1906.44	1050	105	1287.87	51.3565	51.3565	205.426	205.426	0 19315.1 6158.73 	25473.8	0.00214078	3.58651e-05	1050	1050	1050	0 623450 302017 	925467	6.40788	6.5039	12399	666.612	0.15751	0	1.02	1.02
148	0.00200887	0.000131909	1906.43	1050	105	1287.26	51.4168	51.4168	205.667	205.667	0 19311.7 6161.95 	25473.6	0.00214078	3.58651e-05	1050	1050	1050	0 623464 302024 	925488	6.40786	6.5039	12399	666.612	0.157519	0	1.02	1.02
149	0.00200887	0.000131908	1906.43	1050	105	1286.66	51.4773	51.4773	205.909	205.909	0 19308.2 6165.19 	25473.4	0.00214078	3.58651e-05	1050	1050	1050	0 623478 302030 	925508	6.40784	6.5039	12399	666.612	0.157527	0	1.02	1.02
150	0.00200888	0.000131908	1906.43	1050	105	1286.05	51.5378	51.5378	206.151	206.151	0 19304.8 6168.45 	25473.2	0.00214078	3.58651e-05	1050	1050	1050	0 623492 302037 	925528	6.40783	6.5039	12399	666.612	0.157536	0	1.02	1.02
151	0.00200888	0.000131908	1906.43	1050	105	1285.45	51.5984	51.5984	206.394	206.394	0 19301.3 6171.73 	25473.1	0.00214079	3.5865e-05	1050	1050	1050	0 623505 302043 	925548	6.40782	6.5039	12399	666.612	0.157545	0	1.02	1.02
152	0.00200888	0.000131909	1906.44	1050	105	1284.85	51.6591	51.6591	206.636	206.636	0 19297.9 6175.03 	25473	0.00214079	3.5865e-05	1050	1050	1050	0 623518 302049 	925567	6.40781	6.5039	12399	666.612	0.157554	0	1.02	1.02
153	0.00200888	0.000131909	1906.45	1050	105	1284.25	51.7198	51.7198	206.879	206.879	0 19294.5 6178.36 	25472.9	0.00214079	3.5865e-05	1050	1050	1050	0 623531 302055 	925587	6.4078	6.5039	12399	666.612	0.157562	0	1.02	1.02
154	0.00200888	0.00013191	1906.46	1050	105	1283.65	51.7807	51.7807	207.123	207.123	0 19291.1 6181.7 	25472.8	0.00214079	3.5865e-05	1050	1050	1050	0 623544 302061 	925605	6.40779	6.5039	12399	666.612	0.157571	0	1.02	1.02
155	0.00200888	0.000131911	1906.47	1050	105	1283.06	51.8416	51.8416	207.366	207.366	0 19287.7 6185.06 	25472.7	0.00214079	3.58649e-05	1050	1050	1050	0 623557 302067 	925624	6.40778	6.5039	12399	666.612	0.15758	0	1.02	1.02
156	0.00200888	0.000131912	1906.49	1050	105	1282.46	51.9026	51.9026	207.61	207.61	0 19284.3 6188.45 	25472.7	0.00214079	3.58649e-05	1050	1050	1050	0 623569 302073 	925642	6.40778	6.5039	12399	666.612	0.157589	0	1.02	1.02
157	0.00200888	0.000131913	1906.51	1050	105	1281.87	51.9636	51.9636	207.854	207.854	0 19280.9 6191.85 	25472.7	0.00214079	3.58649e-05	1050	1050	1050	0 623581 302079 	925660	6.40778	6.5039	12399	666.612	0.157597	0	1.02	1.02
158	0.00200888	0.000131914	1906.53	1050	105	1281.28	52.0248	52.0248	208.099	208.099	0 19277.5 6195.27 	25472.7	0.0021408	3.58649e-05	1050	1050	1050	0 623594 302085 	925678	6.40778	6.5039	12399	666.612	0.157606	0	1.02	1.02
159	0.00200888	0.000131916	1906.55	1050	105	1280.69	52.086	52.086	208.344	208.344	0 19274.1 6198.71 	25472.8	0.0021408	3.58649e-05	1050	1050	1050	0 623605 302090 	925696	6.40778	6.5039	12399	666.612	0.157615	0	1.02	1.02
160	0.00200888	0.000131918	1906.58	1050	105	1280.1	52.1472	52.1472	208.589	208.589	0 19270.7 6202.17 	25472.9	0.0021408	3.58648e-05	1050	1050	1050	0 623617 302096 	925713	6.40779	6.5039	12399	666.612	0.157624	0	1.02	1.02
161	0.00200888	0.00013192	1906.6	1050	105	1279.52	52.2086	52.2086	208.834	208.834	0 19267.3 6205.65 	25473	0.0021408	3.58648e-05	1050	1050	1050	0 623629 302101 	925730	6.4078	6.5039	12399	666.612	0.157632	0	1.02	1.02
162	0.00200888	0.000131922	1906.63	1050	105	1278.93	52.27	52.27	209.08	209.08	0 19263.9 6209.15 	25473.1	0.0021408	3.58648e-05	1050	1050	1050	0 623640 302106 	925746	6.4078	6.5039	12399	666.612	0.157641	0	1.02	1.02
163	0.00200888	0.000131924	1906.67	1050	105	1278.35	52.3314	52.3314	209.326	209.326	0 19260.5 6212.67 	25473.2	0.0021408	3.58648e-05	1050	1050	1050	0 623651 302112 	925763	6.40781	6.5039	12399	666.612	0.15765	0	1.02	1.02
164	0.00200888	0.000131926	1906.7	1050	105	1277.77	52.393	52.393	209.572	209.572	0 19257.2 6216.2 	25473.4	0.0021408	3.58648e-05	1050	1050	1050	0 623662 302117 	925779	6.40783	6.5039	12399	666.612	0.157659	0	1.02	1.02
165	0.00200887	0.000131929	1906.74	1050	105	1277.19	52.4546	52.4546	209.818	209.818	0 19253.8 6219.75 	25473.6	0.0021408	3.58647e-05	1050	1050	1050	0 623673 302122 	925795	6.40784	6.5039	12399	666.612	0.157668	0	1.02	1.02
166	0.00200887	0.000131932	1906.78	1050	105	1276.62	52.5162	52.5162	210.065	210.065	0 19250.5 6223.32 	25473.8	0.00214081	3.58647e-05	1050	1050	1050	0 623684 302127 	925811	6.40785	6.5039	12399	666.612	0.157676	0	1.02	1.02
167	0.00200887	0.000131935	1906.82	1050	105	1276.04	52.578	52.578	210.312	210.312	0 19247.1 6226.91 	25474	0.00214081	3.58647e-05	1050	1050	1050	0 623694 302132 	925826	6.40787	6.5039	12399	666.612	0.157685	0	1.02	1.02
168	0.00200887	0.000131938	1906.87	1050	105	1275.47	52.6398	52.6398	210.559	210.559	0 19243.7 6230.51 	25474.3	0.00214081	3.58647e-05	1050	1050	1050	0 623705 302137 	925841	6.40789	6.5039	12399	666.612	0.157694	0	1.02	1.02
169	0.00200887	0.000131941	1906.91	1050	105	1274.9	52.7016	52.7016	210.806	210.806	0 19240.4 6234.13 	25474.5	0.00214081	3.58647e-05	1050	1050	1050	0 623715 302141 	925856	6.40791	6.5039	12399	666.612	0.157703	0	1.02	1.02
170	0.00200887	0.000131944	1906.96	1050	105	1274.33	52.7635	52.7635	211.054	211.054	0 19237.1 6237.77 	25474.8	0.00214081	3.58646e-05	1050	1050	1050	0 623725 302146 	925871	6.40793	6.5039	12399	666.612	0.157712	0	1.02	1.02
171	0.00200886	0.000131948	1907.01	1050	105	1273.76	52.8255	52.8255	211.302	211.302	0 19233.7 6241.42 	25475.1	0.00214081	3.58646e-05	1050	1050	1050	0 623734 302151 	925885	6.40796	6.5039	12399	666.612	0.15772	0	1.02	1.02
172	0.00200886	0.000131952	1907.06	1050	105	1273.19	52.8875	52.8875	211.55	211.55	0 19230.4 6245.09 	25475.5	0.00214081	3.58646e-05	1050	1050	1050	0 623744 302155 	925899	6.40798	6.5039	12399	666.612	0.157729	0	1.02	1.02
173	0.00200886	0.000131956	1907.12	1050	105	1272.62	52.9496	52.9496	211.798	211.798	0 19227.1 6248.77 	25475.8	0.00214081	3.58646e-05	1050	1050	1050	0 623754 302159 	925913	6.40801	6.5039	12399	666.612	0.157738	0	1.02	1.02
174	0.00200885	0.00013196	1907.18	1050	105	1272.06	53.0117	53.0117	212.047	212.047	0 19223.7 6252.48 	25476.2	0.00214081	3.58646e-05	1050	1050	1050	0 623763 302164 	925927	6.40804	6.5039	12399	666.612	0.157747	0	1.02	1.02
175	0.00200885	0.000131964	1907.24	1050	105	1271.5	53.0739	53.0739	212.296	212.296	0 19220.4 6256.19 	25476.6	0.00214081	3.58646e-05	1050	1050	1050	0 623772 302168 	925940	6.40807	6.5039	12399	666.612	0.157756	0	1.02	1.02
176	0.00200885	0.000131968	1907.3	1050	105	1270.94	53.1361	53.1361	212.544	212.544	0 19217.1 6259.93 	25477	0.00214082	3.58645e-05	1050	1050	1050	0 623781 302172 	925953	6.4081	6.5039	12399	666.612	0.157764	0	1.02	1.02
177	0.00200884	0.000131973	1907.36	1050	105	1270.38	53.1984	53.1984	212.794	212.794	0 19213.8 6263.67 	25477.5	0.00214082	3.58645e-05	1050	1050	1050	0 623790 302176 	925966	6.40814	6.5039	12399	666.612	0.157773	0	1.02	1.02
178	0.00200884	0.000131977	1907.43	1050	105	1269.82	53.2607	53.2607	213.043	213.043	0 19210.5 6267.44 	25477.9	0.00214082	3.58645e-05	1050	1050	1050	0 623798 302181 	925979	6.40817	6.5039	12399	666.612	0.157782	0	1.02	1.02
179	0.00200884	0.000131982	1907.5	1050	105	1269.26	53.3231	53.3231	213.293	213.293	0 19207.2 6271.21 	25478.4	0.00214082	3.58645e-05	1050	1050	1050	0 623807 302185 	925991	6.40821	6.5039	12399	666.612	0.157791	0	1.02	1.02
180	0.00200883	0.000131987	1907.57	1050	105	1268.71	53.3856	53.3856	213.542	213.542	0 19203.9 6275.01 	25478.9	0.00214082	3.58645e-05	1050	1050	1050	0 623815 302188 	926004	6.40825	6.5039	12399	666.612	0.1578	0	1.02	1.02
181	0.00200883	0.000131992	1907.64	1050	105	1268.16	53.4481	53.4481	213.792	213.792	0 19200.6 6278.81 	25479.4	0.00214082	3.58645e-05	1050	1050	1050	0 623823 302192 	926016	6.40829	6.5039	12399	666.612	0.157808	0	1.02	1.02
182	0.00200882	0.000131997	1907.71	1050	105	1267.61	53.5106	53.5106	214.042	214.042	0 19197.4 6282.63 	25480	0.00214082	3.58644e-05	1050	1050	1050	0 623831 302196 	926028	6.40833	6.5039	12399	666.612	0.157817	0	1.02	1.02
183	0.00200882	0.000132003	1907.79	1050	105	1267.06	53.5732	53.5732	214.293	214.293	0 19194.1 6286.47 	25480.5	0.00214082	3.58644e-05	1050	1050	1050	0 623839 302200 	926039	6.40837	6.5039	12399	666.612	0.157826	0	1.02	1.02
184	0.00200881	0.000132008	1907.86	1050	105	1266.51	53.6358	53.6358	214.543	214.543	0 19190.8 6290.32 	25481.1	0.00214082	3.58644e-05	1050	1050	1050	0 623847 302203 	926050	6.40842	6.5039	12399	666.612	0.157835	0	1.02	1.02
185	0.00200881	0.000132014	1907.94	1050	105	1265.96	53.6984	53.6984	214.794	214.794	0 19187.5 6294.18 	25481.7	0.00214082	3.58644e-05	1050	1050	1050	0 623855 302207 	926062	6.40846	6.5039	12399	666.612	0.157844	0	1.02	1.02
186	0.0020088	0.00013202	1908.03	1050	105	1265.41	53.7612	53.7612	215.045	215.045	0 19184.3 6298.06 	25482.3	0.00214082	3.58644e-05	1050	1050	1050	0 623862 302210 	926073	6.40851	6.5039	12399	666.612	0.157853	0	1.02	1.02
187	0.0020088	0.000132025	1908.11	1050	105	1264.87	53.8239	53.8239	215.296	215.296	0 19181 6301.95 	25483	0.00214083	3.58644e-05	1050	1050	1050	0 623869 302214 	926083	6.40856	6.5039	12399	666.612	0.157861	0	1.02	1.02
188	0.00200879	0.000132032	1908.19	1050	105	1264.33	53.8867	53.8867	215.547	215.547	0 19177.8 6305.85 	25483.6	0.00214083	3.58644e-05	1050	1050	1050	0 623877 302217 	926094	6.40861	6.5039	12399	666.612	0.15787	0	1.02	1.02
189	0.00200879	0.000132038	1908.28	1050	105	1263.79	53.9495	53.9495	215.798	215.798	0 19174.5 6309.77 	25484.3	0.00214083	3.58644e-05	1050	1050	1050	0 623884 302220 	926104	6.40866	6.5039	12399	666.612	0.157879	0	1.02	1.02
190	0.00200878	0.000132044	1908.37	1050	105	1263.25	54.0124	54.0124	216.05	216.05	0 19171.3 6313.7 	25485	0.00214083	3.58643e-05	1050	1050	1050	0 623890 302224 	926114	6.40871	6.5039	12399	666.612	0.157888	0	1.02	1.02
191	0.00200878	0.00013205	1908.46	1050	105	1262.71	54.0753	54.0753	216.301	216.301	0 19168 6317.64 	25485.7	0.00214083	3.58643e-05	1050	1050	1050	0 623897 302227 	926124	6.40877	6.5039	12399	666.612	0.157897	0	1.02	1.02
192	0.00200877	0.000132057	1908.55	1050	105	1262.17	54.1382	54.1382	216.553	216.553	0 19164.8 6321.59 	25486.4	0.00214083	3.58643e-05	1050	1050	1050	0 623904 302230 	926134	6.40882	6.5039	12399	666.612	0.157906	0	1.02	1.02
193	0.00200877	0.000132064	1908.65	1050	105	1261.64	54.2012	54.2012	216.805	216.805	0 19161.6 6325.56 	25487.1	0.00214083	3.58643e-05	1050	1050	1050	0 623910 302233 	926143	6.40888	6.5039	12399	666.612	0.157914	0	1.02	1.02
194	0.00200876	0.000132071	1908.74	1050	105	1261.1	54.2642	54.2642	217.057	217.057	0 19158.3 6329.54 	25487.9	0.00214083	3.58643e-05	1050	1050	1050	0 623917 302236 	926152	6.40894	6.5039	12399	666.612	0.157923	0	1.02	1.02
195	0.00200875	0.000132077	1908.84	1050	105	1260.57	54.3272	54.3272	217.309	217.309	0 19155.1 6333.53 	25488.7	0.00214083	3.58643e-05	1050	1050	1050	0 623923 302239 	926161	6.409	6.5039	12399	666.612	0.157932	0	1.02	1.02
196	0.00200875	0.000132085	1908.94	1050	105	1260.04	54.3903	54.3903	217.561	217.561	0 19151.9 6337.53 	25489.4	0.00214083	3.58643e-05	1050	1050	1050	0 623929 302242 	926170	6.40906	6.5039	12399	666.612	0.157941	0	1.02	1.02
197	0.00200874	0.000132092	1909.04	1050	105	1259.51	54.4534	54.4534	217.814	217.814	0 19148.7 6341.54 	25490.2	0.00214083	3.58643e-05	1050	1050	1050	0 623935 302244 	926179	6.40912	6.5039	12399	666.612	0.15795	0	1.02	1.02
198	0.00200873	0.000132099	1909.14	1050	105	1258.98	54.5166	54.5166	218.066	218.066	0 19145.5 6345.57 	25491.1	0.00214083	3.58643e-05	1050	1050	1050	0 623940 302247 	926187	6.40919	6.5039	12399	666.612	0.157959	0	1.02	1.02
199	0.00200873	0.000132106	1909.25	1050	105	1258.45	54.5797	54.5797	218.319	218.319	0 19142.3 6349.6 	25491.9	0.00214083	3.58642e-05	1050	1050	1050	0 623946 302250 	926196	6.40925	6.5039	12399	666.612	0.157967	0	1.02	1.02
200	0.00200872	0.000132114	1909.36	1050	105	1257.93	54.6429	54.6429	218.572	218.572	0 19139.1 6353.65 	25492.8	0.00214083	3.58642e-05	1050	1050	1050	0 623952 302252 	926204	6.40932	6.5039	12399	666.612	0.157976	0	1.02	1.02
201	0.00200871	0.000132122	1909.46	1050	105	1257.4	54.7062	54.7062	218.825	218.825	0 19135.9 6357.71 	25493.6	0.00214083	3.58642e-05	1050	1050	1050	0 623957 302255 	926212	6.40939	6.5039	12399	666.612	0.157985	0	1.02	1.02
202	0.00200871	0.000132129	1909.57	1050	105	1256.88	54.7694	54.7694	219.078	219.078	0 19132.7 6361.78 	25494.5	0.00214084	3.58642e-05	1050	1050	1050	0 623962 302257 	926219	6.40946	6.5039	12399	666.612	0.157994	0	1.02	1.02
203	0.0020087	0.000132137	1909.68	1050	105	1256.36	54.8327	54.8327	219.331	219.331	0 19129.6 6365.86 	25495.4	0.00214084	3.58642e-05	1050	1050	1050	0 623967 302260 	926227	6.40953	6.5039	12399	666.612	0.158003	0	1.02	1.02
204	0.00200869	0.000132145	1909.8	1050	105	1255.84	54.896	54.896	219.584	219.584	0 19126.4 6369.94 	25496.3	0.00214084	3.58642e-05	1050	1050	1050	0 623972 302262 	926234	6.4096	6.5039	12399	666.612	0.158012	0	1.02	1.02
205	0.00200868	0.000132153	1909.91	1050	105	1255.32	54.9593	54.9593	219.837	219.837	0 19123.2 6374.04 	25497.3	0.00214084	3.58642e-05	1050	1050	1050	0 623977 302264 	926241	6.40967	6.5039	12399	666.612	0.15802	0	1.02	1.02
206	0.00200868	0.000132162	1910.03	1050	105	1254.8	55.0227	55.0227	220.091	220.091	0 19120.1 6378.15 	25498.2	0.00214084	3.58642e-05	1050	1050	1050	0 623982 302267 	926248	6.40975	6.5039	12399	666.612	0.158029	0	1.02	1.02
207	0.00200867	0.00013217	1910.14	1050	105	1254.28	55.0861	55.0861	220.344	220.344	0 19116.9 6382.27 	25499.2	0.00214084	3.58642e-05	1050	1050	1050	0 623986 302269 	926255	6.40982	6.5039	12399	666.612	0.158038	0	1.02	1.02
208	0.00200866	0.000132178	1910.26	1050	105	1253.77	55.1495	55.1495	220.598	220.598	0 19113.7 6386.4 	25500.2	0.00214084	3.58642e-05	1050	1050	1050	0 623991 302271 	926262	6.4099	6.5039	12399	666.612	0.158047	0	1.02	1.02
209	0.00200865	0.000132187	1910.38	1050	105	1253.25	55.2129	55.2129	220.852	220.852	0 19110.6 6390.54 	25501.1	0.00214084	3.58642e-05	1050	1050	1050	0 623995 302273 	926268	6.40997	6.5039	12399	666.612	0.158056	0	1.02	1.02
210	0.00200864	0.000132196	1910.5	1050	105	1252.74	55.2763	55.2763	221.105	221.105	0 19107.5 6394.69 	25502.1	0.00214084	3.58641e-05	1050	1050	1050	0 624000 302275 	926275	6.41005	6.5039	12399	666.612	0.158065	0	1.02	1.02
211	0.00200864	0.000132204	1910.63	1050	105	1252.23	55.3398	55.3398	221.359	221.359	0 19104.3 6398.85 	25503.2	0.00214084	3.58641e-05	1050	1050	1050	0 624004 302277 	926281	6.41013	6.5039	12399	666.612	0.158073	0	1.02	1.02
212	0.00200863	0.000132213	1910.75	1050	105	1251.72	55.4032	55.4032	221.613	221.613	0 19101.2 6403.02 	25504.2	0.00214084	3.58641e-05	1050	1050	1050	0 624008 302279 	926287	6.41021	6.5039	12399	666.612	0.158082	0	1.02	1.02
213	0.00200862	0.000132222	1910.88	1050	105	1251.21	55.4667	55.4667	221.867	221.867	0 19098.1 6407.19 	25505.3	0.00214084	3.58641e-05	1050	1050	1050	0 624012 302281 	926292	6.41029	6.5039	12399	666.612	0.158091	0	1.02	1.02
214	0.00200861	0.000132231	1911.01	1050	105	1250.7	55.5303	55.5303	222.121	222.121	0 19094.9 6411.38 	25506.3	0.00214084	3.58641e-05	1050	1050	1050	0 624015 302282 	926298	6.41038	6.5039	12399	666.612	0.1581	0	1.02	1.02
215	0.0020086	0.000132241	1911.13	1050	105	1250.2	55.5938	55.5938	222.375	222.375	0 19091.8 6415.57 	25507.4	0.00214084	3.58641e-05	1050	1050	1050	0 624019 302284 	926303	6.41046	6.5039	12399	666.612	0.158109	0	1.02	1.02
216	0.00200859	0.00013225	1911.26	1050	105	1249.69	55.6573	55.6573	222.629	222.629	0 19088.7 6419.78 	25508.5	0.00214084	3.58641e-05	1050	1050	1050	0 624023 302286 	926308	6.41055	6.5039	12399	666.612	0.158117	0	1.02	1.02
217	0.00200858	0.000132259	1911.4	1050	105	1249.19	55.7209	55.7209	222.883	222.883	0 19085.6 6423.99 	25509.6	0.00214084	3.58641e-05	1050	1050	1050	0 624026 302287 	926314	6.41063	6.5039	12399	666.612	0.158126	0	1.02	1.02
218	0.00200857	0.000132269	1911.53	1050	105	1248.68	55.7844	55.7844	223.138	223.138	0 19082.5 6428.2 	25510.7	0.00214084	3.58641e-05	1050	1050	1050	0 624030 302289 	926318	6.41072	6.5039	12399	666.612	0.158135	0	1.02	1.02
219	0.00200856	0.000132278	1911.66	1050	105	1248.18	55.848	55.848	223.392	223.392	0 19079.4 6432.43 	25511.8	0.00214084	3.58641e-05	1050	1050	1050	0 624033 302290 	926323	6.41081	6.5039	12399	666.612	0.158144	0	1.02	1.02
220	0.00200856	0.000132288	1911.8	1050	105	1247.68	55.9116	55.9116	223.646	223.646	0 19076.3 6436.67 	25513	0.00214084	3.58641e-05	1050	1050	1050	0 624036 302292 	926328	6.4109	6.5039	12399	666.612	0.158153	0	1.02	1.02
221	0.00200855	0.000132298	1911.94	1050	105	1247.18	55.9752	55.9752	223.901	223.901	0 19073.2 6440.91 	25514.1	0.00214084	3.58641e-05	1050	1050	1050	0 624039 302293 	926332	6.41099	6.5039	12399	666.612	0.158162	0	1.02	1.02
222	0.00200854	0.000132308	1912.07	1050	105	1246.69	56.0388	56.0388	224.155	224.155	0 19070.1 6445.16 	25515.3	0.00214084	3.58641e-05	1050	1050	1050	0 624042 302295 	926336	6.41108	6.5039	12399	666.612	0.15817	0	1.02	1.02
223	0.00200853	0.000132318	1912.21	1050	105	1246.19	56.1024	56.1024	224.41	224.41	0 19067.1 6449.42 	25516.5	0.00214084	3.58641e-05	1050	1050	1050	0 624045 302296 	926341	6.41117	6.5039	12399	666.612	0.158179	0	1.02	1.02
224	0.00200852	0.000132328	1912.36	1050	105	1245.69	56.1661	56.1661	224.664	224.664	0 19064 6453.68 	25517.7	0.00214084	3.58641e-05	1050	1050	1050	0 624047 302297 	926345	6.41127	6.5039	12399	666.612	0.158188	0	1.02	1.02
225	0.00200851	0.000132338	1912.5	1050	105	1245.2	56.2297	56.2297	224.919	224.919	0 19060.9 6457.96 	25518.9	0.00214084	3.58641e-05	1050	1050	1050	0 624050 302298 	926348	6.41136	6.5039	12399	666.612	0.158197	0	1.02	1.02
226	0.0020085	0.000132348	1912.64	1050	105	1244.71	56.2934	56.2934	225.173	225.173	0 19057.9 6462.24 	25520.1	0.00214085	3.58641e-05	1050	1050	1050	0 624052 302300 	926352	6.41146	6.5039	12399	666.612	0.158205	0	1.02	1.02
227	0.00200849	0.000132358	1912.79	1050	105	1244.22	56.357	56.357	225.428	225.428	0 19054.8 6466.52 	25521.3	0.00214085	3.5864e-05	1050	1050	1050	0 624055 302301 	926356	6.41155	6.5039	12399	666.612	0.158214	0	1.02	1.02
228	0.00200848	0.000132369	1912.93	1050	105	1243.73	56.4207	56.4207	225.683	225.683	0 19051.8 6470.82 	25522.6	0.00214085	3.5864e-05	1050	1050	1050	0 624057 302302 	926359	6.41165	6.5039	12399	666.612	0.158223	0	1.02	1.02
229	0.00200847	0.000132379	1913.08	1050	105	1243.24	56.4843	56.4843	225.937	225.937	0 19048.7 6475.12 	25523.8	0.00214085	3.5864e-05	1050	1050	1050	0 624059 302303 	926362	6.41175	6.5039	12399	666.612	0.158232	0	1.02	1.02
230	0.00200846	0.00013239	1913.23	1050	105	1242.75	56.548	56.548	226.192	226.192	0 19045.7 6479.42 	25525.1	0.00214085	3.5864e-05	1050	1050	1050	0 624061 302304 	926365	6.41185	6.5039	12399	666.612	0.158241	0	1.02	1.02
231	0.00200845	0.000132401	1913.38	1050	105	1242.26	56.6116	56.6116	226.447	226.447	0 19042.6 6483.74 	25526.4	0.00214085	3.5864e-05	1050	1050	1050	0 624063 302305 	926368	6.41195	6.5039	12399	666.612	0.158249	0	1.02	1.02
232	0.00200844	0.000132411	1913.53	1050	105	1241.77	56.6753	56.6753	226.701	226.701	0 19039.6 6488.06 	25527.7	0.00214085	3.5864e-05	1050	1050	1050	0 624065 302306 	926371	6.41205	6.5039	12399	666.612	0.158258	0	1.02	1.02
233	0.00200842	0.000132422	1913.68	1050	105	1241.29	56.739	56.739	226.956	226.956	0 19036.6 6492.38 	25529	0.00214085	3.5864e-05	1050	1050	1050	0 624067 302306 	926373	6.41215	6.5039	12399	666.612	0.158267	0	1.02	1.02
234	0.00200841	0.000132433	1913.83	1050	105	1240.81	56.8026	56.8026	227.211	227.211	0 19033.6 6496.71 	25530.3	0.00214085	3.5864e-05	1050	1050	1050	0 624069 302307 	926376	6.41225	6.5039	12399	666.612	0.158276	0	1.02	1.02
235	0.0020084	0.000132444	1913.99	1050	105	1240.32	56.8663	56.8663	227.465	227.465	0 19030.5 6501.05 	25531.6	0.00214085	3.5864e-05	1050	1050	1050	0 624070 302308 	926378	6.41236	6.5039	12399	666.612	0.158284	0	1.02	1.02
236	0.00200839	0.000132455	1914.14	1050	105	1239.84	56.93	56.93	227.72	227.72	0 19027.5 6505.4 	25532.9	0.00214085	3.5864e-05	1050	1050	1050	0 624072 302309 	926381	6.41246	6.5039	12399	666.612	0.158293	0	1.02	1.02
237	0.00200838	0.000132466	1914.3	1050	105	1239.36	56.9936	56.9936	227.975	227.975	0 19024.5 6509.75 	25534.3	0.00214085	3.5864e-05	1050	1050	1050	0 624073 302309 	926383	6.41257	6.5039	12399	666.612	0.158302	0	1.02	1.02
238	0.00200837	0.000132478	1914.45	1050	105	1238.88	57.0573	57.0573	228.229	228.229	0 19021.5 6514.1 	25535.6	0.00214085	3.5864e-05	1050	1050	1050	0 624075 302310 	926385	6.41267	6.5039	12399	666.612	0.158311	0	1.02	1.02
239	0.00200836	0.000132489	1914.61	1050	105	1238.4	57.121	57.121	228.484	228.484	0 19018.5 6518.46 	25537	0.00214085	3.5864e-05	1050	1050	1050	0 624076 302311 	926386	6.41278	6.5039	12399	666.612	0.158319	0	1.02	1.02
240	0.00200835	0.0001325	1914.77	1050	105	1237.93	57.1846	57.1846	228.738	228.738	0 19015.5 6522.83 	25538.4	0.00214085	3.5864e-05	1050	1050	1050	0 624077 302311 	926388	6.41289	6.5039	12399	666.612	0.158328	0	1.02	1.02
241	0.00200834	0.000132512	1914.93	1050	105	1237.45	57.2483	57.2483	228.993	228.993	0 19012.6 6527.2 	25539.8	0.00214085	3.5864e-05	1050	1050	1050	0 624078 302312 	926390	6.413	6.5039	12399	666.612	0.158337	0	1.02	1.02
242	0.00200832	0.000132523	1915.09	1050	105	1236.98	57.3119	57.3119	229.248	229.248	0 19009.6 6531.57 	25541.2	0.00214085	3.5864e-05	1050	1050	1050	0 624079 302312 	926391	6.41311	6.5039	12399	666.612	0.158346	0	1.02	1.02
243	0.00200831	0.000132535	1915.26	1050	105	1236.5	57.3755	57.3755	229.502	229.502	0 19006.6 6535.95 	25542.6	0.00214085	3.5864e-05	1050	1050	1050	0 624080 302312 	926392	6.41322	6.5039	12399	666.612	0.158354	0	1.02	1.02
244	0.0020083	0.000132547	1915.42	1050	105	1236.03	57.4392	57.4392	229.757	229.757	0 19003.6 6540.34 	25544	0.00214085	3.5864e-05	1050	1050	1050	0 624081 302313 	926393	6.41333	6.5039	12399	666.612	0.158363	0	1.02	1.02
245	0.00200829	0.000132558	1915.59	1050	105	1235.56	57.5028	57.5028	230.011	230.011	0 19000.7 6544.73 	25545.4	0.00214085	3.5864e-05	1050	1050	1050	0 624081 302313 	926394	6.41344	6.5039	12399	666.612	0.158372	0	1.02	1.02
246	0.00200828	0.00013257	1915.75	1050	105	1235.09	57.5664	57.5664	230.266	230.266	0 18997.7 6549.12 	25546.8	0.00214085	3.5864e-05	1050	1050	1050	0 624082 302313 	926395	6.41355	6.5039	12399	666.612	0.15838	0	1.02	1.02
247	0.00200827	0.000132582	1915.92	1050	105	1234.62	57.63	57.63	230.52	230.52	0 18994.8 6553.52 	25548.3	0.00214085	3.5864e-05	1050	1050	1050	0 624082 302314 	926396	6.41367	6.5039	12399	666.612	0.158389	0	1.02	1.02
248	0.00200825	0.000132594	1916.09	1050	105	1234.15	57.6936	57.6936	230.774	230.774	0 18991.8 6557.93 	25549.8	0.00214085	3.5864e-05	1050	1050	1050	0 624083 302314 	926397	6.41378	6.5039	12399	666.612	0.158398	0	1.02	1.02
249	0.00200824	0.000132606	1916.25	1050	105	1233.68	57.7572	57.7572	231.029	231.029	0 18988.9 6562.33 	25551.2	0.00214085	3.5864e-05	1050	1050	1050	0 624083 302314 	926397	6.4139	6.5039	12399	666.612	0.158407	0	1.02	1.02
250	0.00200823	0.000132618	1916.42	1050	105	1233.22	57.8207	57.8207	231.283	231.283	0 18985.9 6566.75 	25552.7	0.00214085	3.5864e-05	1050	1050	1050	0 624084 302314 	926398	6.41401	6.5039	12399	666.612	0.158415	0	1.02	1.02
251	0.00200822	0.00013263	1916.59	1050	105	1232.75	57.8843	57.8843	231.537	231.537	0 18983 6571.16 	25554.2	0.00214085	3.5864e-05	1050	1050	1050	0 624084 302314 	926398	6.41413	6.5039	12399	666.612	0.158424	0	1.02	1.02
252	0.00200821	0.000132643	1916.77	1050	105	1232.29	57.9478	57.9478	231.791	231.791	0 18980.1 6575.58 	25555.7	0.00214085	3.5864e-05	1050	1050	1050	0 624084 302314 	926398	6.41425	6.5039	12399	666.612	0.158433	0	1.02	1.02
253	0.00200819	0.000132655	1916.94	1050	105	1231.82	58.0114	58.0114	232.045	232.045	0 18977.2 6580.01 	25557.2	0.00214085	3.5864e-05	1050	1050	1050	0 624084 302314 	926398	6.41436	6.5039	12399	666.612	0.158441	0	1.02	1.02
254	0.00200818	0.000132667	1917.11	1050	105	1231.36	58.0749	58.0749	232.299	232.299	0 18974.3 6584.43 	25558.7	0.00214085	3.5864e-05	1050	1050	1050	0 624084 302314 	926398	6.41448	6.5039	12399	666.612	0.15845	0	1.02	1.02
255	0.00200817	0.00013268	1917.28	1050	105	1230.9	58.1384	58.1384	232.553	232.553	0 18971.3 6588.86 	25560.2	0.00214085	3.5864e-05	1050	1050	1050	0 624084 302314 	926398	6.4146	6.5039	12399	666.612	0.158459	0	1.02	1.02
256	0.00200816	0.000132692	1917.46	1050	105	1230.44	58.2018	58.2018	232.807	232.807	0 18968.4 6593.3 	25561.7	0.00214085	3.5864e-05	1050	1050	1050	0 624084 302314 	926398	6.41472	6.5039	12399	666.612	0.158467	0	1.02	1.02
257	0.00200814	0.000132705	1917.63	1050	105	1229.98	58.2653	58.2653	233.061	233.061	0 18965.5 6597.74 	25563.3	0.00214085	3.5864e-05	1050	1050	1050	0 624083 302314 	926397	6.41484	6.5039	12399	666.612	0.158476	0	1.02	1.02
258	0.00200813	0.000132717	1917.81	1050	105	1229.52	58.3288	58.3288	233.315	233.315	0 18962.6 6602.18 	25564.8	0.00214085	3.5864e-05	1050	1050	1050	0 624083 302314 	926397	6.41496	6.5039	12399	666.612	0.158485	0	1.02	1.02
259	0.00200812	0.00013273	1917.99	1050	105	1229.07	58.3922	58.3922	233.569	233.569	0 18959.8 6606.62 	25566.4	0.00214085	3.5864e-05	1050	1050	1050	0 624082 302314 	926396	6.41509	6.5039	12399	666.612	0.158493	0	1.02	1.02
260	0.00200811	0.000132743	1918.17	1050	105	1228.61	58.4556	58.4556	233.822	233.822	0 18956.9 6611.07 	25567.9	0.00214085	3.5864e-05	1050	1050	1050	0 624082 302313 	926395	6.41521	6.5039	12399	666.612	0.158502	0	1.02	1.02
261	0.00200809	0.000132756	1918.35	1050	105	1228.16	58.519	58.519	234.076	234.076	0 18954 6615.52 	25569.5	0.00214085	3.5864e-05	1050	1050	1050	0 624081 302313 	926395	6.41533	6.5039	12399	666.612	0.158511	0	1.02	1.02
262	0.00200808	0.000132769	1918.53	1050	105	1227.7	58.5824	58.5824	234.329	234.329	0 18951.1 6619.97 	25571.1	0.00214085	3.5864e-05	1050	1050	1050	0 624081 302313 	926394	6.41546	6.5039	12399	666.612	0.158519	0	1.02	1.02
263	0.00200807	0.000132781	1918.71	1050	105	1227.25	58.6457	58.6457	234.583	234.583	0 18948.2 6624.43 	25572.7	0.00214085	3.5864e-05	1050	1050	1050	0 624080 302313 	926393	6.41558	6.5039	12399	666.612	0.158528	0	1.02	1.02
264	0.00200805	0.000132794	1918.89	1050	105	1226.8	58.709	58.709	234.836	234.836	0 18945.4 6628.88 	25574.3	0.00214085	3.5864e-05	1050	1050	1050	0 624079 302312 	926391	6.41571	6.5039	12399	666.612	0.158536	0	1.02	1.02
265	0.00200804	0.000132807	1919.07	1050	105	1226.35	58.7723	58.7723	235.089	235.089	0 18942.5 6633.34 	25575.9	0.00214085	3.5864e-05	1050	1050	1050	0 624078 302312 	926390	6.41583	6.5039	12399	666.612	0.158545	0	1.02	1.02
266	0.00200803	0.000132821	1919.25	1050	105	1225.9	58.8356	58.8356	235.343	235.343	0 18939.7 6637.81 	25577.5	0.00214085	3.5864e-05	1050	1050	1050	0 624077 302311 	926389	6.41596	6.5039	12399	666.612	0.158554	0	1.02	1.02
267	0.00200801	0.000132834	1919.44	1050	105	1225.45	58.8989	58.8989	235.596	235.596	0 18936.8 6642.27 	25579.1	0.00214085	3.5864e-05	1050	1050	1050	0 624076 302311 	926387	6.41608	6.5039	12399	666.612	0.158562	0	1.02	1.02
268	0.002008	0.000132847	1919.62	1050	105	1225	58.9621	58.9621	235.849	235.849	0 18934 6646.74 	25580.7	0.00214085	3.5864e-05	1050	1050	1050	0 624075 302310 	926386	6.41621	6.5039	12399	666.612	0.158571	0	1.02	1.02
269	0.00200799	0.00013286	1919.81	1050	105	1224.55	59.0253	59.0253	236.101	236.101	0 18931.1 6651.21 	25582.4	0.00214085	3.5864e-05	1050	1050	1050	0 624074 302310 	926384	6.41634	6.5039	12399	666.612	0.158579	0	1.02	1.02
270	0.00200797	0.000132873	1919.99	1050	105	1224.11	59.0885	59.0885	236.354	236.354	0 18928.3 6655.68 	25584	0.00214085	3.5864e-05	1050	1050	1050	0 624073 302309 	926382	6.41647	6.5039	12399	666.612	0.158588	0	1.02	1.02
271	0.00200796	0.000132887	1920.18	1050	105	1223.66	59.1517	59.1517	236.607	236.607	0 18925.5 6660.15 	25585.6	0.00214085	3.5864e-05	1050	1050	1050	0 624072 302309 	926380	6.4166	6.5039	12399	666.612	0.158597	0	1.02	1.02
272	0.00200795	0.0001329	1920.37	1050	105	1223.22	59.2148	59.2148	236.859	236.859	0 18922.7 6664.63 	25587.3	0.00214085	3.5864e-05	1050	1050	1050	0 624070 302308 	926378	6.41673	6.5039	12399	666.612	0.158605	0	1.02	1.02
273	0.00200793	0.000132914	1920.55	1050	105	1222.78	59.2779	59.2779	237.112	237.112	0 18919.9 6669.11 	25589	0.00214085	3.5864e-05	1050	1050	1050	0 624069 302307 	926376	6.41686	6.5039	12399	666.612	0.158614	0	1.02	1.02
274	0.00200792	0.000132927	1920.74	1050	105	1222.33	59.341	59.341	237.364	237.364	0 18917 6673.58 	25590.6	0.00214085	3.5864e-05	1050	1050	1050	0 624067 302307 	926374	6.41699	6.5039	12399	666.612	0.158622	0	1.02	1.02
275	0.00200791	0.000132941	1920.93	1050	105	1221.89	59.4041	59.4041	237.616	237.616	0 18914.2 6678.06 	25592.3	0.00214085	3.5864e-05	1050	1050	1050	0 624066 302306 	926372	6.41712	6.5039	12399	666.612	0.158631	0	1.02	1.02
276	0.00200789	0.000132954	1921.12	1050	105	1221.45	59.4671	59.4671	237.868	237.868	0 18911.4 6682.55 	25594	0.00214085	3.5864e-05	1050	1050	1050	0 624064 302305 	926369	6.41725	6.5039	12399	666.612	0.158639	0	1.02	1.02
277	0.00200788	0.000132968	1921.31	1050	105	1221.01	59.5301	59.5301	238.12	238.12	0 18908.6 6687.03 	25595.7	0.00214085	3.5864e-05	1050	1050	1050	0 624063 302304 	926367	6.41739	6.5039	12399	666.612	0.158648	0	1.02	1.02
278	0.00200786	0.000132982	1921.51	1050	105	1220.58	59.593	59.593	238.372	238.372	0 18905.9 6691.51 	25597.4	0.00214085	3.5864e-05	1050	1050	1050	0 624061 302304 	926364	6.41752	6.5039	12399	666.612	0.158656	0	1.02	1.02
279	0.00200785	0.000132995	1921.7	1050	105	1220.14	59.656	59.656	238.624	238.624	0 18903.1 6696 	25599.1	0.00214085	3.5864e-05	1050	1050	1050	0 624059 302303 	926362	6.41765	6.5039	12399	666.612	0.158665	0	1.02	1.02
280	0.00200784	0.000133009	1921.89	1050	105	1219.7	59.7189	59.7189	238.875	238.875	0 18900.3 6700.48 	25600.8	0.00214085	3.5864e-05	1050	1050	1050	0 624057 302302 	926359	6.41779	6.5039	12399	666.612	0.158674	0	1.02	1.02
281	0.00200782	0.000133023	1922.08	1050	105	1219.27	59.7817	59.7817	239.127	239.127	0 18897.5 6704.97 	25602.5	0.00214085	3.5864e-05	1050	1050	1050	0 624055 302301 	926356	6.41792	6.5039	12399	666.612	0.158682	0	1.02	1.02
282	0.00200781	0.000133037	1922.28	1050	105	1218.83	59.8446	59.8446	239.378	239.378	0 18894.7 6709.46 	25604.2	0.00214085	3.58641e-05	1050	1050	1050	0 624053 302300 	926353	6.41806	6.5039	12399	666.612	0.158691	0	1.02	1.02
283	0.00200779	0.000133051	1922.47	1050	105	1218.4	59.9074	59.9074	239.629	239.629	0 18892 6713.95 	25605.9	0.00214084	3.58641e-05	1050	1050	1050	0 624051 302299 	926350	6.41819	6.5039	12399	666.612	0.158699	0	1.02	1.02
284	0.00200778	0.000133065	1922.67	1050	105	1217.97	59.9701	59.9701	239.881	239.881	0 18889.2 6718.44 	25607.7	0.00214084	3.58641e-05	1050	1050	1050	0 624049 302298 	926347	6.41833	6.5039	12399	666.612	0.158708	0	1.02	1.02
285	0.00200777	0.000133079	1922.86	1050	105	1217.53	60.0329	60.0329	240.131	240.131	0 18886.5 6722.93 	25609.4	0.00214084	3.58641e-05	1050	1050	1050	0 624047 302297 	926344	6.41847	6.5039	12399	666.612	0.158716	0	1.02	1.02
286	0.00200775	0.000133093	1923.06	1050	105	1217.1	60.0956	60.0956	240.382	240.382	0 18883.7 6727.42 	25611.1	0.00214084	3.58641e-05	1050	1050	1050	0 624045 302296 	926341	6.4186	6.5039	12399	666.612	0.158724	0	1.02	1.02
287	0.00200774	0.000133107	1923.26	1050	105	1216.67	60.1582	60.1582	240.633	240.633	0 18881 6731.91 	25612.9	0.00214084	3.58641e-05	1050	1050	1050	0 624043 302295 	926338	6.41874	6.5039	12399	666.612	0.158733	0	1.02	1.02
288	0.00200772	0.000133121	1923.45	1050	105	1216.24	60.2208	60.2208	240.883	240.883	0 18878.3 6736.4 	25614.7	0.00214084	3.58641e-05	1050	1050	1050	0 624040 302294 	926334	6.41888	6.5039	12399	666.612	0.158741	0	1.02	1.02
289	0.00200771	0.000133135	1923.65	1050	105	1215.82	60.2834	60.2834	241.134	241.134	0 18875.5 6740.9 	25616.4	0.00214084	3.58641e-05	1050	1050	1050	0 624038 302293 	926331	6.41902	6.5039	12399	666.612	0.15875	0	1.02	1.02
290	0.00200769	0.00013315	1923.85	1050	105	1215.39	60.346	60.346	241.384	241.384	0 18872.8 6745.39 	25618.2	0.00214084	3.58641e-05	1050	1050	1050	0 624035 302292 	926327	6.41916	6.5039	12399	666.612	0.158758	0	1.02	1.02
291	0.00200768	0.000133164	1924.05	1050	105	1214.96	60.4085	60.4085	241.634	241.634	0 18870.1 6749.88 	25620	0.00214084	3.58641e-05	1050	1050	1050	0 624033 302290 	926323	6.41929	6.5039	12399	666.612	0.158767	0	1.02	1.02
292	0.00200766	0.000133178	1924.25	1050	105	1214.54	60.471	60.471	241.884	241.884	0 18867.4 6754.37 	25621.7	0.00214084	3.58641e-05	1050	1050	1050	0 624030 302289 	926320	6.41943	6.5039	12399	666.612	0.158775	0	1.02	1.02
293	0.00200765	0.000133192	1924.45	1050	105	1214.11	60.5334	60.5334	242.134	242.134	0 18864.6 6758.86 	25623.5	0.00214084	3.58641e-05	1050	1050	1050	0 624028 302288 	926316	6.41957	6.5039	12399	666.612	0.158784	0	1.02	1.02
294	0.00200764	0.000133207	1924.65	1050	105	1213.69	60.5958	60.5958	242.383	242.383	0 18861.9 6763.36 	25625.3	0.00214084	3.58641e-05	1050	1050	1050	0 624025 302287 	926312	6.41971	6.5039	12399	666.612	0.158792	0	1.02	1.02
295	0.00200762	0.000133221	1924.85	1050	105	1213.27	60.6582	60.6582	242.633	242.633	0 18859.2 6767.85 	25627.1	0.00214084	3.58641e-05	1050	1050	1050	0 624022 302286 	926308	6.41986	6.5039	12399	666.612	0.1588	0	1.02	1.02
296	0.00200761	0.000133236	1925.05	1050	105	1212.85	60.7205	60.7205	242.882	242.882	0 18856.6 6772.34 	25628.9	0.00214084	3.58641e-05	1050	1050	1050	0 624020 302284 	926304	6.42	6.5039	12399	666.612	0.158809	0	1.02	1.02
297	0.00200759	0.00013325	1925.25	1050	105	1212.43	60.7827	60.7827	243.131	243.131	0 18853.9 6776.83 	25630.7	0.00214084	3.58641e-05	1050	1050	1050	0 624017 302283 	926300	6.42014	6.5039	12399	666.612	0.158817	0	1.02	1.02
298	0.00200758	0.000133265	1925.46	1050	105	1212.01	60.845	60.845	243.38	243.38	0 18851.2 6781.32 	25632.5	0.00214084	3.58641e-05	1050	1050	1050	0 624014 302282 	926296	6.42028	6.5039	12399	666.612	0.158826	0	1.02	1.02
299	0.00200756	0.000133279	1925.66	1050	105	1211.59	60.9072	60.9072	243.629	243.629	0 18848.5 6785.81 	25634.3	0.00214084	3.58641e-05	1050	1050	1050	0 624011 302280 	926291	6.42042	6.5039	12399	666.612	0.158834	0	1.02	1.02
300	0.00200755	0.000133294	1925.86	1050	105	1211.17	60.9693	60.9693	243.877	243.877	0 18845.8 6790.3 	25636.1	0.00214084	3.58641e-05	1050	1050	1050	0 624008 302279 	926287	6.42057	6.5039	12399	666.612	0.158842	0	1.02	1.02
301	0.00200753	0.000133308	1926.07	1050	105	1210.75	61.0314	61.0314	244.126	244.126	0 18843.2 6794.79 	25638	0.00214084	3.58641e-05	1050	1050	1050	0 624005 302277 	926282	6.42071	6.5039	12399	666.612	0.158851	0	1.02	1.02
302	0.00200752	0.000133323	1926.27	1050	105	1210.34	61.0935	61.0935	244.374	244.374	0 18840.5 6799.28 	25639.8	0.00214084	3.58641e-05	1050	1050	1050	0 624002 302276 	926278	6.42085	6.5039	12399	666.612	0.158859	0	1.02	1.02
303	0.0020075	0.000133338	1926.48	1050	105	1209.92	61.1555	61.1555	244.622	244.622	0 18837.8 6803.77 	25641.6	0.00214084	3.58641e-05	1050	1050	1050	0 623999 302275 	926273	6.421	6.5039	12399	666.612	0.158867	0	1.02	1.02
304	0.00200749	0.000133352	1926.68	1050	105	1209.51	61.2174	61.2174	244.87	244.87	0 18835.2 6808.26 	25643.4	0.00214084	3.58642e-05	1050	1050	1050	0 623996 302273 	926269	6.42114	6.5039	12399	666.612	0.158876	0	1.02	1.02
305	0.00200747	0.000133367	1926.89	1050	105	1209.09	61.2793	61.2793	245.117	245.117	0 18832.5 6812.74 	25645.3	0.00214084	3.58642e-05	1050	1050	1050	0 623993 302272 	926264	6.42129	6.5039	12399	666.612	0.158884	0	1.02	1.02
306	0.00200746	0.000133382	1927.09	1050	105	1208.68	61.3412	61.3412	245.365	245.365	0 18829.9 6817.23 	25647.1	0.00214084	3.58642e-05	1050	1050	1050	0 623989 302270 	926259	6.42143	6.5039	12399	666.612	0.158892	0	1.02	1.02
307	0.00200744	0.000133396	1927.3	1050	105	1208.27	61.403	61.403	245.612	245.612	0 18827.3 6821.71 	25649	0.00214084	3.58642e-05	1050	1050	1050	0 623986 302268 	926254	6.42158	6.5039	12399	666.612	0.158901	0	1.02	1.02
308	0.00200743	0.000133411	1927.51	1050	105	1207.86	61.4648	61.4648	245.859	245.859	0 18824.6 6826.19 	25650.8	0.00214084	3.58642e-05	1050	1050	1050	0 623983 302267 	926250	6.42172	6.5039	12399	666.612	0.158909	0	1.02	1.02
309	0.00200741	0.000133426	1927.71	1050	105	1207.45	61.5266	61.5266	246.106	246.106	0 18822 6830.67 	25652.7	0.00214084	3.58642e-05	1050	1050	1050	0 623979 302265 	926245	6.42187	6.5039	12399	666.612	0.158917	0	1.02	1.02
310	0.0020074	0.000133441	1927.92	1050	105	1207.04	61.5882	61.5882	246.353	246.353	0 18819.4 6835.15 	25654.6	0.00214084	3.58642e-05	1050	1050	1050	0 623976 302264 	926240	6.42201	6.5039	12399	666.612	0.158926	0	1.02	1.02
311	0.00200738	0.000133456	1928.13	1050	105	1206.63	61.6499	61.6499	246.599	246.599	0 18816.8 6839.63 	25656.4	0.00214084	3.58642e-05	1050	1050	1050	0 623972 302262 	926234	6.42216	6.5039	12399	666.612	0.158934	0	1.02	1.02
312	0.00200737	0.000133471	1928.34	1050	105	1206.22	61.7115	61.7115	246.846	246.846	0 18814.2 6844.11 	25658.3	0.00214084	3.58642e-05	1050	1050	1050	0 623969 302260 	926229	6.42231	6.5039	12399	666.612	0.158942	0	1.02	1.02
313	0.00200735	0.000133486	1928.54	1050	105	1205.81	61.773	61.773	247.092	247.092	0 18811.6 6848.58 	25660.2	0.00214084	3.58642e-05	1050	1050	1050	0 623965 302259 	926224	6.42245	6.5039	12399	666.612	0.15895	0	1.02	1.02
314	0.00200733	0.000133501	1928.75	1050	105	1205.41	61.8345	61.8345	247.338	247.338	0 18809 6853.06 	25662	0.00214084	3.58642e-05	1050	1050	1050	0 623962 302257 	926219	6.4226	6.5039	12399	666.612	0.158959	0	1.02	1.02
315	0.00200732	0.000133516	1928.96	1050	105	1205	61.8959	61.8959	247.584	247.584	0 18806.4 6857.53 	25663.9	0.00214083	3.58642e-05	1050	1050	1050	0 623958 302255 	926213	6.42275	6.5039	12399	666.612	0.158967	0	1.02	1.02
316	0.0020073	0.000133531	1929.17	1050	105	1204.6	61.9573	61.9573	247.829	247.829	0 18803.8 6862 	25665.8	0.00214083	3.58642e-05	1050	1050	1050	0 623954 302254 	926208	6.4229	6.5039	12399	666.612	0.158975	0	1.02	1.02
317	0.00200729	0.000133546	1929.38	1050	105	1204.2	62.0186	62.0186	248.074	248.074	0 18801.2 6866.47 	25667.7	0.00214083	3.58642e-05	1050	1050	1050	0 623951 302252 	926202	6.42305	6.5039	12399	666.612	0.158983	0	1.02	1.02
318	0.00200727	0.000133561	1929.59	1050	105	1203.79	62.0799	62.0799	248.32	248.32	0 18798.6 6870.94 	25669.6	0.00214083	3.58642e-05	1050	1050	1050	0 623947 302250 	926197	6.4232	6.5039	12399	666.612	0.158992	0	1.02	1.02
319	0.00200726	0.000133576	1929.8	1050	105	1203.39	62.1411	62.1411	248.565	248.565	0 18796.1 6875.4 	25671.5	0.00214083	3.58642e-05	1050	1050	1050	0 623943 302248 	926191	6.42334	6.5039	12399	666.612	0.159	0	1.02	1.02
320	0.00200724	0.000133591	1930.02	1050	105	1202.99	62.2023	62.2023	248.809	248.809	0 18793.5 6879.86 	25673.4	0.00214083	3.58643e-05	1050	1050	1050	0 623939 302246 	926186	6.42349	6.5039	12399	666.612	0.159008	0	1.02	1.02
321	0.00200723	0.000133606	1930.23	1050	105	1202.59	62.2634	62.2634	249.054	249.054	0 18790.9 6884.32 	25675.3	0.00214083	3.58643e-05	1050	1050	1050	0 623935 302245 	926180	6.42364	6.5039	12399	666.612	0.159016	0	1.02	1.02
322	0.00200721	0.000133621	1930.44	1050	105	1202.19	62.3245	62.3245	249.298	249.298	0 18788.4 6888.78 	25677.2	0.00214083	3.58643e-05	1050	1050	1050	0 623931 302243 	926174	6.42379	6.5039	12399	666.612	0.159024	0	1.02	1.02
323	0.00200719	0.000133637	1930.65	1050	105	1201.8	62.3855	62.3855	249.542	249.542	0 18785.8 6893.24 	25679.1	0.00214083	3.58643e-05	1050	1050	1050	0 623927 302241 	926168	6.42394	6.5039	12399	666.612	0.159032	0	1.02	1.02
324	0.00200718	0.000133652	1930.86	1050	105	1201.4	62.4464	62.4464	249.786	249.786	0 18783.3 6897.69 	25681	0.00214083	3.58643e-05	1050	1050	1050	0 623923 302239 	926162	6.42409	6.5039	12399	666.612	0.159041	0	1.02	1.02
325	0.00200716	0.000133667	1931.07	1050	105	1201	62.5073	62.5073	250.029	250.029	0 18780.8 6902.15 	25682.9	0.00214083	3.58643e-05	1050	1050	1050	0 623919 302237 	926156	6.42424	6.5039	12399	666.612	0.159049	0	1.02	1.02
326	0.00200715	0.000133682	1931.29	1050	105	1200.61	62.5682	62.5682	250.273	250.273	0 18778.2 6906.6 	25684.8	0.00214083	3.58643e-05	1050	1050	1050	0 623915 302235 	926150	6.42439	6.5039	12399	666.612	0.159057	0	1.02	1.02
327	0.00200713	0.000133698	1931.5	1050	105	1200.21	62.629	62.629	250.516	250.516	0 18775.7 6911.04 	25686.7	0.00214083	3.58643e-05	1050	1050	1050	0 623911 302233 	926144	6.42454	6.5039	12399	666.612	0.159065	0	1.02	1.02
328	0.00200712	0.000133713	1931.71	1050	105	1199.82	62.6897	62.6897	250.759	250.759	0 18773.2 6915.49 	25688.7	0.00214083	3.58643e-05	1050	1050	1050	0 623907 302231 	926138	6.4247	6.5039	12399	666.612	0.159073	0	1.02	1.02
329	0.0020071	0.000133728	1931.93	1050	105	1199.42	62.7504	62.7504	251.001	251.001	0 18770.6 6919.93 	25690.6	0.00214083	3.58643e-05	1050	1050	1050	0 623903 302229 	926132	6.42485	6.5039	12399	666.612	0.159081	0	1.02	1.02
330	0.00200708	0.000133743	1932.14	1050	105	1199.03	62.811	62.811	251.244	251.244	0 18768.1 6924.37 	25692.5	0.00214083	3.58643e-05	1050	1050	1050	0 623898 302227 	926126	6.425	6.5039	12399	666.612	0.159089	0	1.02	1.02
331	0.00200707	0.000133759	1932.36	1050	105	1198.64	62.8715	62.8715	251.486	251.486	0 18765.6 6928.81 	25694.4	0.00214083	3.58643e-05	1050	1050	1050	0 623894 302225 	926119	6.42515	6.5039	12399	666.612	0.159098	0	1.02	1.02
332	0.00200705	0.000133774	1932.57	1050	105	1198.25	62.932	62.932	251.728	251.728	0 18763.1 6933.24 	25696.4	0.00214083	3.58643e-05	1050	1050	1050	0 623890 302223 	926113	6.4253	6.5039	12399	666.612	0.159106	0	1.02	1.02
333	0.00200704	0.00013379	1932.78	1050	105	1197.86	62.9925	62.9925	251.97	251.97	0 18760.6 6937.67 	25698.3	0.00214083	3.58644e-05	1050	1050	1050	0 623885 302221 	926107	6.42545	6.5039	12399	666.612	0.159114	0	1.02	1.02
334	0.00200702	0.000133805	1933	1050	105	1197.47	63.0528	63.0528	252.211	252.211	0 18758.1 6942.1 	25700.2	0.00214083	3.58644e-05	1050	1050	1050	0 623881 302219 	926100	6.42561	6.5039	12399	666.612	0.159122	0	1.02	1.02
335	0.00200701	0.00013382	1933.21	1050	105	1197.08	63.1132	63.1132	252.453	252.453	0 18755.7 6946.52 	25702.2	0.00214083	3.58644e-05	1050	1050	1050	0 623877 302217 	926094	6.42576	6.5039	12399	666.612	0.15913	0	1.02	1.02
336	0.00200699	0.000133836	1933.43	1050	105	1196.69	63.1734	63.1734	252.694	252.694	0 18753.2 6950.95 	25704.1	0.00214083	3.58644e-05	1050	1050	1050	0 623872 302215 	926087	6.42591	6.5039	12399	666.612	0.159138	0	1.02	1.02
337	0.00200697	0.000133851	1933.64	1050	105	1196.31	63.2336	63.2336	252.934	252.934	0 18750.7 6955.37 	25706.1	0.00214083	3.58644e-05	1050	1050	1050	0 623868 302213 	926081	6.42607	6.5039	12399	666.612	0.159146	0	1.02	1.02
338	0.00200696	0.000133867	1933.86	1050	105	1195.92	63.2937	63.2937	253.175	253.175	0 18748.2 6959.78 	25708	0.00214082	3.58644e-05	1050	1050	1050	0 623863 302211 	926074	6.42622	6.5039	12399	666.612	0.159154	0	1.02	1.02
339	0.00200694	0.000133882	1934.08	1050	105	1195.54	63.3538	63.3538	253.415	253.415	0 18745.8 6964.2 	25710	0.00214082	3.58644e-05	1050	1050	1050	0 623859 302209 	926067	6.42637	6.5039	12399	666.612	0.159162	0	1.02	1.02
340	0.00200693	0.000133898	1934.29	1050	105	1195.15	63.4138	63.4138	253.655	253.655	0 18743.3 6968.61 	25711.9	0.00214082	3.58644e-05	1050	1050	1050	0 623854 302207 	926061	6.42653	6.5039	12399	666.612	0.15917	0	1.02	1.02
341	0.00200691	0.000133913	1934.51	1050	105	1194.77	63.4738	63.4738	253.895	253.895	0 18740.9 6973.01 	25713.9	0.00214082	3.58644e-05	1050	1050	1050	0 623849 302204 	926054	6.42668	6.5039	12399	666.612	0.159178	0	1.02	1.02
342	0.00200689	0.000133929	1934.72	1050	105	1194.39	63.5337	63.5337	254.135	254.135	0 18738.4 6977.42 	25715.8	0.00214082	3.58644e-05	1050	1050	1050	0 623845 302202 	926047	6.42683	6.5039	12399	666.612	0.159186	0	1.02	1.02
343	0.00200688	0.000133944	1934.94	1050	105	1194.01	63.5935	63.5935	254.374	254.374	0 18736 6981.82 	25717.8	0.00214082	3.58644e-05	1050	1050	1050	0 623840 302200 	926040	6.42699	6.5039	12399	666.612	0.159194	0	1.02	1.02
344	0.00200686	0.00013396	1935.16	1050	105	1193.62	63.6532	63.6532	254.613	254.613	0 18733.5 6986.22 	25719.7	0.00214082	3.58644e-05	1050	1050	1050	0 623835 302198 	926033	6.42714	6.5039	12399	666.612	0.159202	0	1.02	1.02
345	0.00200685	0.000133975	1935.37	1050	105	1193.24	63.7129	63.7129	254.852	254.852	0 18731.1 6990.61 	25721.7	0.00214082	3.58645e-05	1050	1050	1050	0 623831 302196 	926026	6.42729	6.5039	12399	666.612	0.15921	0	1.02	1.02
346	0.00200683	0.000133991	1935.59	1050	105	1192.86	63.7726	63.7726	255.09	255.09	0 18728.7 6995 	25723.7	0.00214082	3.58645e-05	1050	1050	1050	0 623826 302193 	926019	6.42745	6.5039	12399	666.612	0.159218	0	1.02	1.02
347	0.00200681	0.000134006	1935.81	1050	105	1192.49	63.8321	63.8321	255.328	255.328	0 18726.2 6999.39 	25725.6	0.00214082	3.58645e-05	1050	1050	1050	0 623821 302191 	926012	6.4276	6.5039	12399	666.612	0.159226	0	1.02	1.02
348	0.0020068	0.000134022	1936.02	1050	105	1192.11	63.8916	63.8916	255.566	255.566	0 18723.8 7003.77 	25727.6	0.00214082	3.58645e-05	1050	1050	1050	0 623816 302189 	926005	6.42776	6.5039	12399	666.612	0.159234	0	1.02	1.02
349	0.00200678	0.000134037	1936.24	1050	105	1191.73	63.951	63.951	255.804	255.804	0 18721.4 7008.15 	25729.6	0.00214082	3.58645e-05	1050	1050	1050	0 623812 302187 	925998	6.42791	6.5039	12399	666.612	0.159242	0	1.02	1.02
350	0.00200677	0.000134053	1936.46	1050	105	1191.36	64.0104	64.0104	256.042	256.042	0 18719 7012.52 	25731.5	0.00214082	3.58645e-05	1050	1050	1050	0 623807 302184 	925991	6.42807	6.5039	12399	666.612	0.159249	0	1.02	1.02
351	0.00200675	0.000134069	1936.68	1050	105	1190.98	64.0697	64.0697	256.279	256.279	0 18716.6 7016.89 	25733.5	0.00214082	3.58645e-05	1050	1050	1050	0 623802 302182 	925984	6.42822	6.5039	12399	666.612	0.159257	0	1.02	1.02
352	0.00200673	0.000134084	1936.89	1050	105	1190.61	64.1289	64.1289	256.516	256.516	0 18714.2 7021.26 	25735.5	0.00214082	3.58645e-05	1050	1050	1050	0 623797 302180 	925977	6.42838	6.5039	12399	666.612	0.159265	0	1.02	1.02
353	0.00200672	0.0001341	1937.11	1050	105	1190.23	64.1881	64.1881	256.752	256.752	0 18711.8 7025.63 	25737.5	0.00214082	3.58645e-05	1050	1050	1050	0 623792 302177 	925969	6.42853	6.5039	12399	666.612	0.159273	0	1.02	1.02
354	0.0020067	0.000134116	1937.33	1050	105	1189.86	64.2472	64.2472	256.989	256.989	0 18709.4 7029.99 	25739.4	0.00214082	3.58645e-05	1050	1050	1050	0 623787 302175 	925962	6.42869	6.5039	12399	666.612	0.159281	0	1.02	1.02
355	0.00200668	0.000134131	1937.55	1050	105	1189.49	64.3062	64.3062	257.225	257.225	0 18707.1 7034.34 	25741.4	0.00214082	3.58645e-05	1050	1050	1050	0 623782 302173 	925955	6.42884	6.5039	12399	666.612	0.159289	0	1.02	1.02
356	0.00200667	0.000134147	1937.77	1050	105	1189.12	64.3652	64.3652	257.461	257.461	0 18704.7 7038.7 	25743.4	0.00214082	3.58645e-05	1050	1050	1050	0 623777 302170 	925947	6.429	6.5039	12399	666.612	0.159297	0	1.02	1.02
357	0.00200665	0.000134162	1937.99	1050	105	1188.74	64.4241	64.4241	257.696	257.696	0 18702.3 7043.04 	25745.4	0.00214081	3.58646e-05	1050	1050	1050	0 623772 302168 	925940	6.42916	6.5039	12399	666.612	0.159305	0	1.02	1.02
358	0.00200664	0.000134178	1938.2	1050	105	1188.37	64.4829	64.4829	257.932	257.932	0 18700 7047.39 	25747.3	0.00214081	3.58646e-05	1050	1050	1050	0 623767 302166 	925932	6.42931	6.5039	12399	666.612	0.159312	0	1.02	1.02
359	0.00200662	0.000134194	1938.42	1050	105	1188.01	64.5416	64.5416	258.167	258.167	0 18697.6 7051.73 	25749.3	0.00214081	3.58646e-05	1050	1050	1050	0 623762 302163 	925925	6.42947	6.5039	12399	666.612	0.15932	0	1.02	1.02
360	0.0020066	0.000134209	1938.64	1050	105	1187.64	64.6003	64.6003	258.401	258.401	0 18695.2 7056.07 	25751.3	0.00214081	3.58646e-05	1050	1050	1050	0 623756 302161 	925917	6.42962	6.5039	12399	666.612	0.159328	0	1.02	1.02
361	0.00200659	0.000134225	1938.86	1050	105	1187.27	64.6589	64.6589	258.636	258.636	0 18692.9 7060.4 	25753.3	0.00214081	3.58646e-05	1050	1050	1050	0 623751 302158 	925910	6.42978	6.5039	12399	666.612	0.159336	0	1.02	1.02
362	0.00200657	0.000134241	1939.08	1050	105	1186.9	64.7175	64.7175	258.87	258.87	0 18690.6 7064.72 	25755.3	0.00214081	3.58646e-05	1050	1050	1050	0 623746 302156 	925902	6.42994	6.5039	12399	666.612	0.159344	0	1.02	1.02
363	0.00200655	0.000134256	1939.3	1050	105	1186.54	64.7759	64.7759	259.104	259.104	0 18688.2 7069.05 	25757.3	0.00214081	3.58646e-05	1050	1050	1050	0 623741 302154 	925894	6.43009	6.5039	12399	666.612	0.159351	0	1.02	1.02
364	0.00200654	0.000134272	1939.52	1050	105	1186.17	64.8343	64.8343	259.337	259.337	0 18685.9 7073.37 	25759.3	0.00214081	3.58646e-05	1050	1050	1050	0 623736 302151 	925887	6.43025	6.5039	12399	666.612	0.159359	0	1.02	1.02
365	0.00200652	0.000134288	1939.73	1050	105	1185.81	64.8927	64.8927	259.571	259.571	0 18683.6 7077.68 	25761.2	0.00214081	3.58646e-05	1050	1050	1050	0 623730 302149 	925879	6.43041	6.5039	12399	666.612	0.159367	0	1.02	1.02
366	0.00200651	0.000134304	1939.95	1050	105	1185.44	64.9509	64.9509	259.804	259.804	0 18681.2 7081.99 	25763.2	0.00214081	3.58646e-05	1050	1050	1050	0 623725 302146 	925871	6.43056	6.5039	12399	666.612	0.159375	0	1.02	1.02
367	0.00200649	0.000134319	1940.17	1050	105	1185.08	65.0091	65.0091	260.036	260.036	0 18678.9 7086.3 	25765.2	0.00214081	3.58646e-05	1050	1050	1050	0 623720 302144 	925863	6.43072	6.5039	12399	666.612	0.159382	0	1.02	1.02
368	0.00200647	0.000134335	1940.39	1050	105	1184.72	65.0672	65.0672	260.269	260.269	0 18676.6 7090.6 	25767.2	0.00214081	3.58647e-05	1050	1050	1050	0 623714 302141 	925856	6.43087	6.5039	12399	666.612	0.15939	0	1.02	1.02
369	0.00200646	0.000134351	1940.61	1050	105	1184.36	65.1252	65.1252	260.501	260.501	0 18674.3 7094.89 	25769.2	0.00214081	3.58647e-05	1050	1050	1050	0 623709 302139 	925848	6.43103	6.5039	12399	666.612	0.159398	0	1.02	1.02
370	0.00200644	0.000134366	1940.83	1050	105	1184	65.1832	65.1832	260.733	260.733	0 18672 7099.19 	25771.2	0.00214081	3.58647e-05	1050	1050	1050	0 623704 302136 	925840	6.43119	6.5039	12399	666.612	0.159405	0	1.02	1.02
371	0.00200642	0.000134382	1941.05	1050	105	1183.64	65.2411	65.2411	260.964	260.964	0 18669.7 7103.47 	25773.2	0.00214081	3.58647e-05	1050	1050	1050	0 623698 302134 	925832	6.43135	6.5039	12399	666.612	0.159413	0	1.02	1.02
372	0.00200641	0.000134398	1941.27	1050	105	1183.28	65.2989	65.2989	261.196	261.196	0 18667.4 7107.76 	25775.2	0.00214081	3.58647e-05	1050	1050	1050	0 623693 302131 	925824	6.4315	6.5039	12399	666.612	0.159421	0	1.02	1.02
373	0.00200639	0.000134414	1941.49	1050	105	1182.92	65.3566	65.3566	261.427	261.427	0 18665.1 7112.03 	25777.2	0.00214081	3.58647e-05	1050	1050	1050	0 623688 302129 	925816	6.43166	6.5039	12399	666.612	0.159428	0	1.02	1.02
374	0.00200638	0.000134429	1941.71	1050	105	1182.56	65.4143	65.4143	261.657	261.657	0 18662.9 7116.31 	25779.2	0.0021408	3.58647e-05	1050	1050	1050	0 623682 302126 	925808	6.43182	6.5039	12399	666.612	0.159436	0	1.02	1.02
375	0.00200636	0.000134445	1941.93	1050	105	1182.21	65.4719	65.4719	261.888	261.888	0 18660.6 7120.58 	25781.2	0.0021408	3.58647e-05	1050	1050	1050	0 623677 302123 	925800	6.43197	6.5039	12399	666.612	0.159444	0	1.02	1.02
376	0.00200634	0.000134461	1942.14	1050	105	1181.85	65.5294	65.5294	262.118	262.118	0 18658.3 7124.84 	25783.2	0.0021408	3.58647e-05	1050	1050	1050	0 623671 302121 	925792	6.43213	6.5039	12399	666.612	0.159451	0	1.02	1.02
377	0.00200633	0.000134477	1942.36	1050	105	1181.5	65.5868	65.5868	262.347	262.347	0 18656.1 7129.1 	25785.2	0.0021408	3.58647e-05	1050	1050	1050	0 623666 302118 	925784	6.43229	6.5039	12399	666.612	0.159459	0	1.02	1.02
378	0.00200631	0.000134492	1942.58	1050	105	1181.14	65.6442	65.6442	262.577	262.577	0 18653.8 7133.35 	25787.2	0.0021408	3.58648e-05	1050	1050	1050	0 623660 302116 	925776	6.43244	6.5039	12399	666.612	0.159466	0	1.02	1.02
379	0.00200629	0.000134508	1942.8	1050	105	1180.79	65.7015	65.7015	262.806	262.806	0 18651.6 7137.6 	25789.2	0.0021408	3.58648e-05	1050	1050	1050	0 623655 302113 	925768	6.4326	6.5039	12399	666.612	0.159474	0	1.02	1.02
380	0.00200628	0.000134524	1943.02	1050	105	1180.43	65.7587	65.7587	263.035	263.035	0 18649.3 7141.85 	25791.1	0.0021408	3.58648e-05	1050	1050	1050	0 623649 302110 	925759	6.43276	6.5039	12399	666.612	0.159482	0	1.02	1.02
381	0.00200626	0.000134539	1943.24	1050	105	1180.08	65.8158	65.8158	263.263	263.263	0 18647.1 7146.08 	25793.1	0.0021408	3.58648e-05	1050	1050	1050	0 623643 302108 	925751	6.43291	6.5039	12399	666.612	0.159489	0	1.02	1.02
382	0.00200624	0.000134555	1943.46	1050	105	1179.73	65.8729	65.8729	263.491	263.491	0 18644.8 7150.32 	25795.1	0.0021408	3.58648e-05	1050	1050	1050	0 623638 302105 	925743	6.43307	6.5039	12399	666.612	0.159497	0	1.02	1.02
383	0.00200623	0.000134571	1943.68	1050	105	1179.38	65.9299	65.9299	263.719	263.719	0 18642.6 7154.55 	25797.1	0.0021408	3.58648e-05	1050	1050	1050	0 623632 302103 	925735	6.43323	6.5039	12399	666.612	0.159504	0	1.02	1.02
384	0.00200621	0.000134587	1943.9	1050	105	1179.03	65.9867	65.9867	263.947	263.947	0 18640.4 7158.77 	25799.1	0.0021408	3.58648e-05	1050	1050	1050	0 623626 302100 	925726	6.43339	6.5039	12399	666.612	0.159512	0	1.02	1.02
385	0.0020062	0.000134602	1944.12	1050	105	1178.68	66.0436	66.0436	264.174	264.174	0 18638.1 7162.99 	25801.1	0.0021408	3.58648e-05	1050	1050	1050	0 623621 302097 	925718	6.43354	6.5039	12399	666.612	0.159519	0	1.02	1.02
386	0.00200618	0.000134618	1944.34	1050	105	1178.33	66.1003	66.1003	264.401	264.401	0 18635.9 7167.2 	25803.1	0.0021408	3.58648e-05	1050	1050	1050	0 623615 302095 	925710	6.4337	6.5039	12399	666.612	0.159527	0	1.02	1.02
387	0.00200616	0.000134634	1944.56	1050	105	1177.99	66.157	66.157	264.628	264.628	0 18633.7 7171.41 	25805.1	0.0021408	3.58648e-05	1050	1050	1050	0 623609 302092 	925701	6.43386	6.5039	12399	666.612	0.159534	0	1.02	1.02
388	0.00200615	0.000134649	1944.77	1050	105	1177.64	66.2136	66.2136	264.854	264.854	0 18631.5 7175.61 	25807.1	0.0021408	3.58649e-05	1050	1050	1050	0 623604 302089 	925693	6.43402	6.5039	12399	666.612	0.159542	0	1.02	1.02
389	0.00200613	0.000134665	1944.99	1050	105	1177.29	66.2701	66.2701	265.08	265.08	0 18629.3 7179.81 	25809.1	0.0021408	3.58649e-05	1050	1050	1050	0 623598 302087 	925685	6.43417	6.5039	12399	666.612	0.159549	0	1.02	1.02
390	0.00200611	0.000134681	1945.21	1050	105	1176.95	66.3265	66.3265	265.306	265.306	0 18627.1 7184 	25811.1	0.0021408	3.58649e-05	1050	1050	1050	0 623592 302084 	925676	6.43433	6.5039	12399	666.612	0.159557	0	1.02	1.02
391	0.0020061	0.000134697	1945.43	1050	105	1176.6	66.3828	66.3828	265.531	265.531	0 18624.9 7188.19 	25813.1	0.00214079	3.58649e-05	1050	1050	1050	0 623586 302081 	925668	6.43449	6.5039	12399	666.612	0.159564	0	1.02	1.02
392	0.00200608	0.000134712	1945.65	1050	105	1176.26	66.4391	66.4391	265.756	265.756	0 18622.8 7192.37 	25815.1	0.00214079	3.58649e-05	1050	1050	1050	0 623581 302078 	925659	6.43464	6.5039	12399	666.612	0.159572	0	1.02	1.02
393	0.00200607	0.000134728	1945.87	1050	105	1175.92	66.4953	66.4953	265.981	265.981	0 18620.6 7196.55 	25817.1	0.00214079	3.58649e-05	1050	1050	1050	0 623575 302076 	925651	6.4348	6.5039	12399	666.612	0.159579	0	1.02	1.02
394	0.00200605	0.000134744	1946.09	1050	105	1175.57	66.5514	66.5514	266.206	266.206	0 18618.4 7200.72 	25819.1	0.00214079	3.58649e-05	1050	1050	1050	0 623569 302073 	925642	6.43496	6.5039	12399	666.612	0.159587	0	1.02	1.02
395	0.00200603	0.000134759	1946.31	1050	105	1175.23	66.6074	66.6074	266.43	266.43	0 18616.2 7204.88 	25821.1	0.00214079	3.58649e-05	1050	1050	1050	0 623563 302070 	925634	6.43512	6.5039	12399	666.612	0.159594	0	1.02	1.02
396	0.00200602	0.000134775	1946.53	1050	105	1174.89	66.6633	66.6633	266.653	266.653	0 18614.1 7209.04 	25823.1	0.00214079	3.58649e-05	1050	1050	1050	0 623557 302068 	925625	6.43527	6.5039	12399	666.612	0.159601	0	1.02	1.02
397	0.002006	0.000134791	1946.74	1050	105	1174.55	66.7192	66.7192	266.877	266.877	0 18611.9 7213.2 	25825.1	0.00214079	3.5865e-05	1050	1050	1050	0 623552 302065 	925616	6.43543	6.5039	12399	666.612	0.159609	0	1.02	1.02
398	0.00200598	0.000134806	1946.96	1050	105	1174.21	66.775	66.775	267.1	267.1	0 18609.8 7217.34 	25827.1	0.00214079	3.5865e-05	1050	1050	1050	0 623546 302062 	925608	6.43559	6.5039	12399	666.612	0.159616	0	1.02	1.02
399	0.00200597	0.000134822	1947.18	1050	105	1173.87	66.8307	66.8307	267.323	267.323	0 18607.6 7221.49 	25829.1	0.00214079	3.5865e-05	1050	1050	1050	0 623540 302059 	925599	6.43574	6.5039	12399	666.612	0.159623	0	1.02	1.02
400	0.00200595	0.000134838	1947.4	1050	105	1173.54	66.8863	66.8863	267.545	267.545	0 18605.5 7225.62 	25831.1	0.00214079	3.5865e-05	1050	1050	1050	0 623534 302057 	925590	6.4359	6.5039	12399	666.612	0.159631	0	1.02	1.02
401	0.00200593	0.000134853	1947.62	1050	105	1173.2	66.9418	66.9418	267.767	267.767	0 18603.3 7229.76 	25833.1	0.00214079	3.5865e-05	1050	1050	1050	0 623528 302054 	925582	6.43606	6.5039	12399	666.612	0.159638	0	1.02	1.02
402	0.00200592	0.000134869	1947.84	1050	105	1172.86	66.9973	66.9973	267.989	267.989	0 18601.2 7233.88 	25835.1	0.00214079	3.5865e-05	1050	1050	1050	0 623522 302051 	925573	6.43621	6.5039	12399	666.612	0.159645	0	1.02	1.02
403	0.0020059	0.000134885	1948.05	1050	105	1172.53	67.0526	67.0526	268.211	268.211	0 18599.1 7238 	25837.1	0.00214079	3.5865e-05	1050	1050	1050	0 623516 302048 	925564	6.43637	6.5039	12399	666.612	0.159653	0	1.02	1.02
404	0.00200589	0.0001349	1948.27	1050	105	1172.19	67.1079	67.1079	268.432	268.432	0 18597 7242.12 	25839.1	0.00214079	3.5865e-05	1050	1050	1050	0 623510 302045 	925556	6.43653	6.5039	12399	666.612	0.15966	0	1.02	1.02
405	0.00200587	0.000134916	1948.49	1050	105	1171.86	67.1631	67.1631	268.652	268.652	0 18594.8 7246.22 	25841.1	0.00214079	3.5865e-05	1050	1050	1050	0 623504 302043 	925547	6.43668	6.5039	12399	666.612	0.159667	0	1.02	1.02
406	0.00200585	0.000134932	1948.71	1050	105	1171.52	67.2182	67.2182	268.873	268.873	0 18592.7 7250.33 	25843.1	0.00214078	3.5865e-05	1050	1050	1050	0 623498 302040 	925538	6.43684	6.5039	12399	666.612	0.159675	0	1.02	1.02
407	0.00200584	0.000134947	1948.92	1050	105	1171.19	67.2733	67.2733	269.093	269.093	0 18590.6 7254.42 	25845	0.00214078	3.58651e-05	1050	1050	1050	0 623492 302037 	925529	6.437	6.5039	12399	666.612	0.159682	0	1.02	1.02
408	0.00200582	0.000134963	1949.14	1050	105	1170.86	67.3282	67.3282	269.313	269.313	0 18588.5 7258.52 	25847	0.00214078	3.58651e-05	1050	1050	1050	0 623486 302034 	925521	6.43715	6.5039	12399	666.612	0.159689	0	1.02	1.02
409	0.0020058	0.000134978	1949.36	1050	105	1170.53	67.3831	67.3831	269.532	269.532	0 18586.4 7262.6 	25849	0.00214078	3.58651e-05	1050	1050	1050	0 623480 302031 	925512	6.43731	6.5039	12399	666.612	0.159696	0	1.02	1.02
410	0.00200579	0.000134994	1949.58	1050	105	1170.2	67.4378	67.4378	269.751	269.751	0 18584.3 7266.68 	25851	0.00214078	3.58651e-05	1050	1050	1050	0 623474 302029 	925503	6.43747	6.5039	12399	666.612	0.159704	0	1.02	1.02
411	0.00200577	0.00013501	1949.79	1050	105	1169.87	67.4925	67.4925	269.97	269.97	0 18582.2 7270.75 	25853	0.00214078	3.58651e-05	1050	1050	1050	0 623468 302026 	925494	6.43762	6.5039	12399	666.612	0.159711	0	1.02	1.02
412	0.00200576	0.000135025	1950.01	1050	105	1169.54	67.5471	67.5471	270.189	270.189	0 18580.2 7274.82 	25855	0.00214078	3.58651e-05	1050	1050	1050	0 623462 302023 	925485	6.43778	6.5039	12399	666.612	0.159718	0	1.02	1.02
413	0.00200574	0.000135041	1950.23	1050	105	1169.21	67.6017	67.6017	270.407	270.407	0 18578.1 7278.88 	25857	0.00214078	3.58651e-05	1050	1050	1050	0 623456 302020 	925476	6.43794	6.5039	12399	666.612	0.159725	0	1.02	1.02
414	0.00200572	0.000135056	1950.44	1050	105	1168.88	67.6561	67.6561	270.624	270.624	0 18576 7282.94 	25859	0.00214078	3.58651e-05	1050	1050	1050	0 623450 302017 	925467	6.43809	6.5039	12399	666.612	0.159732	0	1.02	1.02
415	0.00200571	0.000135072	1950.66	1050	105	1168.56	67.7105	67.7105	270.842	270.842	0 18574 7286.99 	25860.9	0.00214078	3.58651e-05	1050	1050	1050	0 623444 302014 	925458	6.43825	6.5039	12399	666.612	0.15974	0	1.02	1.02
416	0.00200569	0.000135087	1950.88	1050	105	1168.23	67.7647	67.7647	271.059	271.059	0 18571.9 7291.03 	25862.9	0.00214078	3.58652e-05	1050	1050	1050	0 623438 302012 	925449	6.4384	6.5039	12399	666.612	0.159747	0	1.02	1.02
417	0.00200567	0.000135103	1951.09	1050	105	1167.91	67.8189	67.8189	271.276	271.276	0 18569.8 7295.07 	25864.9	0.00214078	3.58652e-05	1050	1050	1050	0 623432 302009 	925441	6.43856	6.5039	12399	666.612	0.159754	0	1.02	1.02
418	0.00200566	0.000135119	1951.31	1050	105	1167.58	67.873	67.873	271.492	271.492	0 18567.8 7299.1 	25866.9	0.00214078	3.58652e-05	1050	1050	1050	0 623426 302006 	925432	6.43872	6.5039	12399	666.612	0.159761	0	1.02	1.02
419	0.00200564	0.000135134	1951.53	1050	105	1167.26	67.927	67.927	271.708	271.708	0 18565.7 7303.12 	25868.9	0.00214078	3.58652e-05	1050	1050	1050	0 623420 302003 	925423	6.43887	6.5039	12399	666.612	0.159768	0	1.02	1.02
420	0.00200563	0.00013515	1951.74	1050	105	1166.93	67.9809	67.9809	271.924	271.924	0 18563.7 7307.14 	25870.8	0.00214078	3.58652e-05	1050	1050	1050	0 623414 302000 	925414	6.43903	6.5039	12399	666.612	0.159775	0	1.02	1.02
421	0.00200561	0.000135165	1951.96	1050	105	1166.61	68.0347	68.0347	272.139	272.139	0 18561.7 7311.15 	25872.8	0.00214078	3.58652e-05	1050	1050	1050	0 623407 301997 	925405	6.43918	6.5039	12399	666.612	0.159782	0	1.02	1.02
422	0.00200559	0.000135181	1952.17	1050	105	1166.29	68.0885	68.0885	272.354	272.354	0 18559.6 7315.16 	25874.8	0.00214077	3.58652e-05	1050	1050	1050	0 623401 301994 	925396	6.43934	6.5039	12399	666.612	0.159789	0	1.02	1.02
423	0.00200558	0.000135196	1952.39	1050	105	1165.97	68.1421	68.1421	272.569	272.569	0 18557.6 7319.16 	25876.8	0.00214077	3.58652e-05	1050	1050	1050	0 623395 301991 	925387	6.43949	6.5039	12399	666.612	0.159796	0	1.02	1.02
424	0.00200556	0.000135211	1952.6	1050	105	1165.65	68.1957	68.1957	272.783	272.783	0 18555.6 7323.15 	25878.8	0.00214077	3.58652e-05	1050	1050	1050	0 623389 301989 	925377	6.43965	6.5039	12399	666.612	0.159803	0	1.02	1.02
425	0.00200555	0.000135227	1952.82	1050	105	1165.33	68.2492	68.2492	272.997	272.997	0 18553.6 7327.14 	25880.7	0.00214077	3.58653e-05	1050	1050	1050	0 623383 301986 	925368	6.43981	6.5039	12399	666.612	0.15981	0	1.02	1.02
426	0.00200553	0.000135242	1953.04	1050	105	1165.01	68.3026	68.3026	273.21	273.21	0 18551.6 7331.12 	25882.7	0.00214077	3.58653e-05	1050	1050	1050	0 623377 301983 	925359	6.43996	6.5039	12399	666.612	0.159817	0	1.02	1.02
427	0.00200551	0.000135258	1953.25	1050	105	1164.69	68.3559	68.3559	273.424	273.424	0 18549.6 7335.09 	25884.7	0.00214077	3.58653e-05	1050	1050	1050	0 623370 301980 	925350	6.44012	6.5039	12399	666.612	0.159824	0	1.02	1.02
428	0.0020055	0.000135273	1953.46	1050	105	1164.37	68.4091	68.4091	273.636	273.636	0 18547.6 7339.06 	25886.6	0.00214077	3.58653e-05	1050	1050	1050	0 623364 301977 	925341	6.44027	6.5039	12399	666.612	0.159831	0	1.02	1.02
429	0.00200548	0.000135289	1953.68	1050	105	1164.06	68.4622	68.4622	273.849	273.849	0 18545.6 7343.02 	25888.6	0.00214077	3.58653e-05	1050	1050	1050	0 623358 301974 	925332	6.44043	6.5039	12399	666.612	0.159838	0	1.02	1.02
