0.25	0.00199888	7.4067e-05	1050.39	1050	105	504.391	44.1	44.1	176.4	176.4	0 17990.2 9550.73 	27540.9	6.50443	6.5039	666.612	666.612	0.00904901	0	1.02	1.02
0.5	0.00199885	7.40859e-05	1050.65	1050	105	504.646	44.0999	44.0999	176.399	176.399	0 17985.3 9546.99 	27532.2	6.50478	6.5039	666.612	666.612	0.00904765	0	1.02	1.02
0.75	0.00199882	7.40982e-05	1050.81	1050	105	504.812	44.0997	44.0997	176.399	176.399	0 17982.1 9544.51 	27526.6	6.50503	6.5039	666.612	666.612	0.00904672	0	1.02	1.02
1	0.0019988	7.4106e-05	1050.91	1050	105	504.918	44.0996	44.0996	176.398	176.398	0 17980 9542.88 	27522.9	6.50519	6.5039	666.612	666.612	0.00904607	0	1.02	1.02
1.25	0.00199879	7.4111e-05	1050.98	1050	105	504.986	44.0994	44.0994	176.398	176.398	0 17978.7 9541.81 	27520.5	6.5053	6.5039	666.612	666.612	0.00904562	0	1.02	1.02
1.5	0.00199878	7.4114e-05	1051.02	1050	105	505.028	44.0992	44.0992	176.397	176.397	0 17977.9 9541.11 	27519	6.50537	6.5039	666.612	666.612	0.00904531	0	1.02	1.02
1.75	0.00199878	7.41158e-05	1051.04	1050	105	505.053	44.099	44.099	176.396	176.396	0 17977.4 9540.66 	27518.1	6.50542	6.5039	666.612	666.612	0.00904508	0	1.02	1.02
2	0.00199878	7.41168e-05	1051.06	1050	105	505.068	44.0988	44.0988	176.395	176.395	0 17977.1 9540.37 	27517.5	6.50546	6.5039	666.612	666.612	0.00904492	0	1.02	1.02
2.25	0.00205971	7.85946e-05	1149.14	1050	105	602.77	44.1369	44.1369	176.548	176.548	0 26204.5 11738.9 	37943.5	5.94504	6.5039	999.918	666.612	0.0121679	0	1.02	1.02
2.5	0.00203064	8.89827e-05	1286.23	1050	105	739.271	44.1955	44.1955	176.782	176.782	0 22818.7 9436.79 	32255.5	6.20401	6.5039	999.918	666.612	0.0109485	0	1.02	1.02
2.75	0.0020187	9.50781e-05	1368.45	1050	105	821.159	44.2289	44.2289	176.916	176.916	0 21230.3 8502.24 	29732.5	6.31471	6.5039	999.918	666.612	0.0104948	0	1.02	1.02
3	0.00201273	9.87055e-05	1417.8	1050	105	870.289	44.2509	44.2509	177.004	177.004	0 20389.6 8039.19 	28428.8	6.37108	6.5039	999.918	666.612	0.0102811	0	1.02	1.02
3.25	0.00200941	0.000100861	1447.18	1050	105	899.512	44.2668	44.2668	177.067	177.067	0 19921 7787.07 	27708.1	6.40271	6.5039	999.918	666.612	0.0101651	0	1.02	1.02
3.5	0.00200747	0.000102127	1464.42	1050	105	916.63	44.2794	44.2794	177.117	177.117	0 19655 7643.96 	27299	6.42125	6.5039	999.918	666.612	0.0100971	0	1.02	1.02
3.75	0.00200632	0.000102859	1474.35	1050	105	926.447	44.2898	44.2898	177.159	177.159	0 19504 7561.22 	27065.2	6.43237	6.5039	999.918	666.612	0.0100555	0	1.02	1.02
4	0.00200562	0.000103271	1479.9	1050	105	931.909	44.2991	44.2991	177.196	177.196	0 19419.3 7513.12 	26932.5	6.43911	6.5039	999.918	666.612	0.0100292	0	1.02	1.02
4.25	0.00200519	0.000103495	1482.88	1050	105	934.805	44.3076	44.3076	177.231	177.231	0 19373.2 7485.21 	26858.4	6.44322	6.5039	999.918	666.612	0.0100121	0	1.02	1.02
4.5	0.00200493	0.000103609	1484.37	1050	105	936.215	44.3157	44.3157	177.263	177.263	0 19349.3 7469.14 	26818.4	6.44574	6.5039	999.918	666.612	0.0100006	0	1.02	1.02
4.75	0.00200477	0.000103661	1485.02	1050	105	936.784	44.3235	44.3235	177.294	177.294	0 19338.1 7460.01 	26798.1	6.44729	6.5039	999.918	666.612	0.00999275	0	1.02	1.02
5	0.00200467	0.000103678	1485.2	1050	105	936.892	44.3311	44.3311	177.325	177.325	0 19333.9 7454.93 	26788.8	6.44823	6.5039	999.918	666.612	0.00998718	0	1.02	1.02
5.25	0.00200461	0.000103678	1485.15	1050	105	936.764	44.3387	44.3387	177.355	177.355	0 19333.5 7452.16 	26785.6	6.4488	6.5039	999.918	666.612	0.00998312	0	1.02	1.02
5.5	0.00200458	0.000103668	1484.99	1050	105	936.526	44.3461	44.3461	177.384	177.384	0 19334.9 7450.7 	26785.6	6.44914	6.5039	999.918	666.612	0.00998006	0	1.02	1.02
5.75	0.00200456	0.000103656	1484.79	1050	105	936.251	44.3536	44.3536	177.414	177.414	0 19337.1 7449.94 	26787	6.44932	6.5039	999.918	666.612	0.00997769	0	1.02	1.02
6	0.00200455	0.000103642	1484.59	1050	105	935.975	44.361	44.361	177.444	177.444	0 19339.4 7449.53 	26789	6.44942	6.5039	999.918	666.612	0.00997579	0	1.02	1.02
6.25	0.00200455	0.00010363	1484.4	1050	105	935.719	44.3684	44.3684	177.473	177.473	0 19341.7 7449.28 	26791	6.44945	6.5039	999.918	666.612	0.00997423	0	1.02	1.02
6.5	0.00200455	0.00010362	1484.25	1050	105	935.49	44.3758	44.3758	177.503	177.503	0 19343.7 7449.08 	26792.7	6.44944	6.5039	999.918	666.612	0.00997292	0	1.02	1.02
6.75	0.00200455	0.000103611	1484.12	1050	105	935.29	44.3832	44.3832	177.533	177.533	0 19345.3 7448.87 	26794.2	6.44941	6.5039	999.918	666.612	0.00997179	0	1.02	1.02
7	0.00200455	0.000103604	1484.02	1050	105	935.119	44.3906	44.3906	177.562	177.562	0 19346.7 7448.62 	26795.3	6.44936	6.5039	999.918	666.612	0.00997081	0	1.02	1.02
7.25	0.00200456	0.000103599	1483.95	1050	105	934.973	44.398	44.398	177.592	177.592	0 19347.7 7448.33 	26796	6.44929	6.5039	999.918	666.612	0.00996993	0	1.02	1.02
7.5	0.00200457	0.000103595	1483.9	1050	105	934.849	44.4055	44.4055	177.622	177.622	0 19348.5 7447.98 	26796.5	6.44922	6.5039	999.918	666.612	0.00996913	0	1.02	1.02
7.75	0.00200458	0.000103592	1483.87	1050	105	934.744	44.4129	44.4129	177.652	177.652	0 19349 7447.59 	26796.6	6.44914	6.5039	999.918	666.612	0.00996841	0	1.02	1.02
8	0.00200459	0.000103591	1483.86	1050	105	934.656	44.4204	44.4204	177.681	177.681	0 19349.4 7447.15 	26796.5	6.44906	6.5039	999.918	666.612	0.00996773	0	1.02	1.02
8.25	0.00200459	0.000103591	1483.86	1050	105	934.581	44.4278	44.4278	177.711	177.711	0 19349.5 7446.69 	26796.2	6.44897	6.5039	999.918	666.612	0.0099671	0	1.02	1.02
8.5	0.0020046	0.000103591	1483.87	1050	105	934.517	44.4353	44.4353	177.741	177.741	0 19349.6 7446.19 	26795.7	6.44888	6.5039	999.918	666.612	0.00996651	0	1.02	1.02
8.75	0.00200461	0.000103592	1483.89	1050	105	934.462	44.4428	44.4428	177.771	177.771	0 19349.5 7445.66 	26795.1	6.44879	6.5039	999.918	666.612	0.00996595	0	1.02	1.02
9	0.00200462	0.000103593	1483.92	1050	105	934.416	44.4503	44.4503	177.801	177.801	0 19349.3 7445.12 	26794.4	6.4487	6.5039	999.918	666.612	0.00996541	0	1.02	1.02
9.25	0.00200463	0.000103595	1483.95	1050	105	934.375	44.4579	44.4579	177.831	177.831	0 19349 7444.56 	26793.6	6.44861	6.5039	999.918	666.612	0.0099649	0	1.02	1.02
9.5	0.00200464	0.000103597	1483.99	1050	105	934.339	44.4654	44.4654	177.862	177.862	0 19348.7 7443.99 	26792.7	6.44851	6.5039	999.918	666.612	0.0099644	0	1.02	1.02
9.75	0.00200465	0.0001036	1484.04	1050	105	934.308	44.473	44.473	177.892	177.892	0 19348.3 7443.41 	26791.7	6.44842	6.5039	999.918	666.612	0.00996392	0	1.02	1.02
10	0.00200466	0.000103603	1484.08	1050	105	934.28	44.4805	44.4805	177.922	177.922	0 19347.9 7442.82 	26790.7	6.44833	6.5039	999.918	666.612	0.00996345	0	1.02	1.02
10.25	0.00200467	0.000103606	1484.14	1050	105	934.254	44.4881	44.4881	177.952	177.952	0 19347.5 7442.23 	26789.7	6.44823	6.5039	999.918	666.612	0.009963	0	1.02	1.02
10.5	0.00200468	0.000103609	1484.19	1050	105	934.231	44.4957	44.4957	177.983	177.983	0 19347 7441.64 	26788.6	6.44814	6.5039	999.918	666.612	0.00996255	0	1.02	1.02
10.75	0.00200469	0.000103612	1484.24	1050	105	934.209	44.5033	44.5033	178.013	178.013	0 19346.5 7441.04 	26787.5	6.44804	6.5039	999.918	666.612	0.00996212	0	1.02	1.02
11	0.0020047	0.000103615	1484.3	1050	105	934.189	44.5109	44.5109	178.044	178.044	0 19345.9 7440.44 	26786.4	6.44794	6.5039	999.918	666.612	0.00996169	0	1.02	1.02
11.25	0.00200471	0.000103619	1484.36	1050	105	934.17	44.5186	44.5186	178.074	178.074	0 19345.4 7439.84 	26785.2	6.44785	6.5039	999.918	666.612	0.00996128	0	1.02	1.02
11.5	0.00200472	0.000103622	1484.41	1050	105	934.152	44.5262	44.5262	178.105	178.105	0 19344.8 7439.24 	26784.1	6.44775	6.5039	999.918	666.612	0.00996087	0	1.02	1.02
11.75	0.00200473	0.000103626	1484.47	1050	105	934.134	44.5339	44.5339	178.136	178.136	0 19344.3 7438.64 	26782.9	6.44766	6.5039	999.918	666.612	0.00996046	0	1.02	1.02
12	0.00200474	0.000103629	1484.53	1050	105	934.117	44.5416	44.5416	178.166	178.166	0 19343.7 7438.05 	26781.8	6.44757	6.5039	999.918	666.612	0.00996007	0	1.02	1.02
12.25	0.00200475	0.000103633	1484.59	1050	105	934.101	44.5493	44.5493	178.197	178.197	0 19343.1 7437.46 	26780.6	6.44747	6.5039	999.918	666.612	0.00995968	0	1.02	1.02
12.5	0.00200476	0.000103637	1484.65	1050	105	934.084	44.557	44.557	178.228	178.228	0 19342.5 7436.87 	26779.4	6.44738	6.5039	999.918	666.612	0.0099593	0	1.02	1.02
12.75	0.00200477	0.00010364	1484.72	1050	105	934.068	44.5647	44.5647	178.259	178.259	0 19341.9 7436.28 	26778.2	6.44728	6.5039	999.918	666.612	0.00995892	0	1.02	1.02
13	0.00200478	0.000103644	1484.78	1050	105	934.052	44.5725	44.5725	178.29	178.29	0 19341.3 7435.69 	26777	6.44719	6.5039	999.918	666.612	0.00995855	0	1.02	1.02
13.25	0.00200479	0.000103648	1484.84	1050	105	934.036	44.5802	44.5802	178.321	178.321	0 19340.7 7435.11 	26775.9	6.4471	6.5039	999.918	666.612	0.00995818	0	1.02	1.02
13.5	0.0020048	0.000103652	1484.9	1050	105	934.02	44.588	44.588	178.352	178.352	0 19340.1 7434.54 	26774.7	6.447	6.5039	999.918	666.612	0.00995782	0	1.02	1.02
13.75	0.00200481	0.000103655	1484.96	1050	105	934.004	44.5958	44.5958	178.383	178.383	0 19339.5 7433.96 	26773.5	6.44691	6.5039	999.918	666.612	0.00995747	0	1.02	1.02
14	0.00200482	0.000103659	1485.02	1050	105	933.988	44.6036	44.6036	178.414	178.414	0 19338.9 7433.39 	26772.3	6.44682	6.5039	999.918	666.612	0.00995712	0	1.02	1.02
14.25	0.00200483	0.000103663	1485.09	1050	105	933.972	44.6114	44.6114	178.446	178.446	0 19338.3 7432.82 	26771.1	6.44672	6.5039	999.918	666.612	0.00995677	0	1.02	1.02
14.5	0.00200484	0.000103667	1485.15	1050	105	933.956	44.6192	44.6192	178.477	178.477	0 19337.7 7432.26 	26770	6.44663	6.5039	999.918	666.612	0.00995644	0	1.02	1.02
14.75	0.00200485	0.00010367	1485.21	1050	105	933.94	44.627	44.627	178.508	178.508	0 19337.1 7431.7 	26768.8	6.44654	6.5039	999.918	666.612	0.0099561	0	1.02	1.02
15	0.00200486	0.000103674	1485.27	1050	105	933.924	44.6349	44.6349	178.54	178.54	0 19336.5 7431.14 	26767.6	6.44645	6.5039	999.918	666.612	0.00995577	0	1.02	1.02
15.25	0.00200487	0.000103678	1485.33	1050	105	933.907	44.6428	44.6428	178.571	178.571	0 19335.9 7430.59 	26766.5	6.44636	6.5039	999.918	666.612	0.00995545	0	1.02	1.02
15.5	0.00200488	0.000103682	1485.4	1050	105	933.891	44.6506	44.6506	178.603	178.603	0 19335.3 7430.04 	26765.3	6.44627	6.5039	999.918	666.612	0.00995513	0	1.02	1.02
15.75	0.00200488	0.000103685	1485.46	1050	105	933.874	44.6585	44.6585	178.634	178.634	0 19334.6 7429.49 	26764.1	6.44617	6.5039	999.918	666.612	0.00995482	0	1.02	1.02
16	0.00200489	0.000103689	1485.52	1050	105	933.857	44.6664	44.6664	178.666	178.666	0 19334 7428.95 	26763	6.44608	6.5039	999.918	666.612	0.00995451	0	1.02	1.02
16.25	0.0020049	0.000103693	1485.58	1050	105	933.84	44.6744	44.6744	178.697	178.697	0 19333.4 7428.41 	26761.8	6.44599	6.5039	999.918	666.612	0.00995421	0	1.02	1.02
16.5	0.00200491	0.000103697	1485.65	1050	105	933.823	44.6823	44.6823	178.729	178.729	0 19332.8 7427.88 	26760.7	6.4459	6.5039	999.918	666.612	0.00995391	0	1.02	1.02
16.75	0.00200492	0.0001037	1485.71	1050	105	933.806	44.6902	44.6902	178.761	178.761	0 19332.2 7427.35 	26759.5	6.44581	6.5039	999.918	666.612	0.00995362	0	1.02	1.02
17	0.00200493	0.000103704	1485.77	1050	105	933.789	44.6982	44.6982	178.793	178.793	0 19331.6 7426.82 	26758.4	6.44572	6.5039	999.918	666.612	0.00995333	0	1.02	1.02
17.25	0.00200494	0.000103708	1485.83	1050	105	933.771	44.7062	44.7062	178.825	178.825	0 19331 7426.3 	26757.3	6.44564	6.5039	999.918	666.612	0.00995304	0	1.02	1.02
17.5	0.00200495	0.000103712	1485.9	1050	105	933.753	44.7142	44.7142	178.857	178.857	0 19330.3 7425.78 	26756.1	6.44555	6.5039	999.918	666.612	0.00995277	0	1.02	1.02
17.75	0.00200496	0.000103716	1485.96	1050	105	933.736	44.7222	44.7222	178.889	178.889	0 19329.7 7425.27 	26755	6.44546	6.5039	999.918	666.612	0.00995249	0	1.02	1.02
18	0.00200497	0.000103719	1486.02	1050	105	933.718	44.7302	44.7302	178.921	178.921	0 19329.1 7424.76 	26753.9	6.44537	6.5039	999.918	666.612	0.00995222	0	1.02	1.02
18.25	0.00200498	0.000103723	1486.08	1050	105	933.699	44.7382	44.7382	178.953	178.953	0 19328.5 7424.25 	26752.7	6.44528	6.5039	999.918	666.612	0.00995196	0	1.02	1.02
18.5	0.00200499	0.000103727	1486.14	1050	105	933.681	44.7463	44.7463	178.985	178.985	0 19327.9 7423.75 	26751.6	6.44519	6.5039	999.918	666.612	0.0099517	0	1.02	1.02
18.75	0.002005	0.000103731	1486.21	1050	105	933.663	44.7543	44.7543	179.017	179.017	0 19327.3 7423.25 	26750.5	6.44511	6.5039	999.918	666.612	0.00995145	0	1.02	1.02
19	0.002005	0.000103735	1486.27	1050	105	933.644	44.7624	44.7624	179.05	179.05	0 19326.6 7422.75 	26749.4	6.44502	6.5039	999.918	666.612	0.0099512	0	1.02	1.02
19.25	0.00200501	0.000103738	1486.33	1050	105	933.625	44.7705	44.7705	179.082	179.082	0 19326 7422.26 	26748.3	6.44493	6.5039	999.918	666.612	0.00995095	0	1.02	1.02
19.5	0.00200502	0.000103742	1486.39	1050	105	933.606	44.7786	44.7786	179.114	179.114	0 19325.4 7421.77 	26747.2	6.44485	6.5039	999.918	666.612	0.00995071	0	1.02	1.02
19.75	0.00200503	0.000103746	1486.45	1050	105	933.587	44.7867	44.7867	179.147	179.147	0 19324.8 7421.29 	26746.1	6.44476	6.5039	999.918	666.612	0.00995048	0	1.02	1.02
20	0.00200504	0.00010375	1486.52	1050	105	933.568	44.7948	44.7948	179.179	179.179	0 19324.2 7420.8 	26745	6.44467	6.5039	999.918	666.612	0.00995025	0	1.02	1.02
20.25	0.00200505	0.000103753	1486.58	1050	105	933.549	44.803	44.803	179.212	179.212	0 19323.5 7420.33 	26743.9	6.44459	6.5039	999.918	666.612	0.00995002	0	1.02	1.02
20.5	0.00200506	0.000103757	1486.64	1050	105	933.529	44.8111	44.8111	179.244	179.244	0 19322.9 7419.85 	26742.8	6.4445	6.5039	999.918	666.612	0.0099498	0	1.02	1.02
20.75	0.00200507	0.000103761	1486.7	1050	105	933.509	44.8193	44.8193	179.277	179.277	0 19322.3 7419.38 	26741.7	6.44442	6.5039	999.918	666.612	0.00994959	0	1.02	1.02
21	0.00200508	0.000103765	1486.76	1050	105	933.489	44.8274	44.8274	179.31	179.31	0 19321.7 7418.92 	26740.6	6.44433	6.5039	999.918	666.612	0.00994938	0	1.02	1.02
21.25	0.00200508	0.000103769	1486.83	1050	105	933.469	44.8356	44.8356	179.343	179.343	0 19321.1 7418.45 	26739.5	6.44425	6.5039	999.918	666.612	0.00994917	0	1.02	1.02
21.5	0.00200509	0.000103772	1486.89	1050	105	933.449	44.8438	44.8438	179.375	179.375	0 19320.5 7418 	26738.4	6.44416	6.5039	999.918	666.612	0.00994897	0	1.02	1.02
21.75	0.0020051	0.000103776	1486.95	1050	105	933.429	44.8521	44.8521	179.408	179.408	0 19319.8 7417.54 	26737.4	6.44408	6.5039	999.918	666.612	0.00994877	0	1.02	1.02
22	0.00200511	0.00010378	1487.01	1050	105	933.409	44.8603	44.8603	179.441	179.441	0 19319.2 7417.09 	26736.3	6.444	6.5039	999.918	666.612	0.00994858	0	1.02	1.02
22.25	0.00200512	0.000103784	1487.07	1050	105	933.388	44.8685	44.8685	179.474	179.474	0 19318.6 7416.64 	26735.2	6.44391	6.5039	999.918	666.612	0.00994839	0	1.02	1.02
22.5	0.00200513	0.000103787	1487.13	1050	105	933.367	44.8768	44.8768	179.507	179.507	0 19318 7416.2 	26734.2	6.44383	6.5039	999.918	666.612	0.00994821	0	1.02	1.02
22.75	0.00200514	0.000103791	1487.2	1050	105	933.346	44.8851	44.8851	179.54	179.54	0 19317.3 7415.76 	26733.1	6.44375	6.5039	999.918	666.612	0.00994803	0	1.02	1.02
23	0.00200515	0.000103795	1487.26	1050	105	933.325	44.8933	44.8933	179.573	179.573	0 19316.7 7415.32 	26732	6.44366	6.5039	999.918	666.612	0.00994786	0	1.02	1.02
23.25	0.00200515	0.000103799	1487.32	1050	105	933.304	44.9016	44.9016	179.607	179.607	0 19316.1 7414.89 	26731	6.44358	6.5039	999.918	666.612	0.00994769	0	1.02	1.02
23.5	0.00200516	0.000103803	1487.38	1050	105	933.283	44.9099	44.9099	179.64	179.64	0 19315.5 7414.46 	26729.9	6.4435	6.5039	999.918	666.612	0.00994753	0	1.02	1.02
23.75	0.00200517	0.000103806	1487.44	1050	105	933.261	44.9183	44.9183	179.673	179.673	0 19314.9 7414.03 	26728.9	6.44342	6.5039	999.918	666.612	0.00994737	0	1.02	1.02
24	0.00200518	0.00010381	1487.51	1050	105	933.239	44.9266	44.9266	179.706	179.706	0 19314.2 7413.61 	26727.9	6.44334	6.5039	999.918	666.612	0.00994722	0	1.02	1.02
24.25	0.00200519	0.000103814	1487.57	1050	105	933.218	44.9349	44.9349	179.74	179.74	0 19313.6 7413.19 	26726.8	6.44325	6.5039	999.918	666.612	0.00994707	0	1.02	1.02
24.5	0.0020052	0.000103818	1487.63	1050	105	933.196	44.9433	44.9433	179.773	179.773	0 19313 7412.78 	26725.8	6.44317	6.5039	999.918	666.612	0.00994692	0	1.02	1.02
24.75	0.0020052	0.000103822	1487.69	1050	105	933.174	44.9517	44.9517	179.807	179.807	0 19312.4 7412.37 	26724.7	6.44309	6.5039	999.918	666.612	0.00994678	0	1.02	1.02
25	0.00200521	0.000103825	1487.75	1050	105	933.151	44.96	44.96	179.84	179.84	0 19311.8 7411.96 	26723.7	6.44301	6.5039	999.918	666.612	0.00994665	0	1.02	1.02
25.25	0.00200522	0.000103829	1487.81	1050	105	933.129	44.9684	44.9684	179.874	179.874	0 19311.1 7411.55 	26722.7	6.44293	6.5039	999.918	666.612	0.00994652	0	1.02	1.02
25.5	0.00200523	0.000103833	1487.87	1050	105	933.106	44.9769	44.9769	179.907	179.907	0 19310.5 7411.15 	26721.7	6.44285	6.5039	999.918	666.612	0.00994639	0	1.02	1.02
25.75	0.00200524	0.000103837	1487.94	1050	105	933.084	44.9853	44.9853	179.941	179.941	0 19309.9 7410.76 	26720.6	6.44277	6.5039	999.918	666.612	0.00994627	0	1.02	1.02
26	0.00200525	0.00010384	1488	1050	105	933.061	44.9937	44.9937	179.975	179.975	0 19309.3 7410.36 	26719.6	6.44269	6.5039	999.918	666.612	0.00994615	0	1.02	1.02
26.25	0.00200525	0.000103844	1488.06	1050	105	933.038	45.0022	45.0022	180.009	180.009	0 19308.6 7409.97 	26718.6	6.44261	6.5039	999.918	666.612	0.00994604	0	1.02	1.02
26.5	0.00200526	0.000103848	1488.12	1050	105	933.015	45.0106	45.0106	180.042	180.042	0 19308 7409.59 	26717.6	6.44253	6.5039	999.918	666.612	0.00994593	0	1.02	1.02
26.75	0.00200527	0.000103852	1488.18	1050	105	932.992	45.0191	45.0191	180.076	180.076	0 19307.4 7409.2 	26716.6	6.44245	6.5039	999.918	666.612	0.00994583	0	1.02	1.02
27	0.00200528	0.000103856	1488.24	1050	105	932.968	45.0276	45.0276	180.11	180.11	0 19306.8 7408.82 	26715.6	6.44238	6.5039	999.918	666.612	0.00994573	0	1.02	1.02
27.25	0.00200529	0.000103859	1488.31	1050	105	932.945	45.0361	45.0361	180.144	180.144	0 19306.1 7408.45 	26714.6	6.4423	6.5039	999.918	666.612	0.00994564	0	1.02	1.02
27.5	0.00200529	0.000103863	1488.37	1050	105	932.921	45.0446	45.0446	180.178	180.178	0 19305.5 7408.08 	26713.6	6.44222	6.5039	999.918	666.612	0.00994555	0	1.02	1.02
27.75	0.0020053	0.000103867	1488.43	1050	105	932.897	45.0531	45.0531	180.212	180.212	0 19304.9 7407.71 	26712.6	6.44214	6.5039	999.918	666.612	0.00994546	0	1.02	1.02
28	0.00200531	0.000103871	1488.49	1050	105	932.873	45.0616	45.0616	180.247	180.247	0 19304.3 7407.34 	26711.6	6.44206	6.5039	999.918	666.612	0.00994538	0	1.02	1.02
28.25	0.00200532	0.000103874	1488.55	1050	105	932.849	45.0702	45.0702	180.281	180.281	0 19303.6 7406.98 	26710.6	6.44199	6.5039	999.918	666.612	0.00994531	0	1.02	1.02
28.5	0.00200533	0.000103878	1488.61	1050	105	932.825	45.0787	45.0787	180.315	180.315	0 19303 7406.62 	26709.6	6.44191	6.5039	999.918	666.612	0.00994524	0	1.02	1.02
28.75	0.00200533	0.000103882	1488.67	1050	105	932.801	45.0873	45.0873	180.349	180.349	0 19302.4 7406.27 	26708.7	6.44183	6.5039	999.918	666.612	0.00994517	0	1.02	1.02
29	0.00200534	0.000103886	1488.73	1050	105	932.776	45.0959	45.0959	180.384	180.384	0 19301.8 7405.92 	26707.7	6.44176	6.5039	999.918	666.612	0.00994511	0	1.02	1.02
29.25	0.00200535	0.00010389	1488.8	1050	105	932.751	45.1045	45.1045	180.418	180.418	0 19301.1 7405.57 	26706.7	6.44168	6.5039	999.918	666.612	0.00994505	0	1.02	1.02
29.5	0.00200536	0.000103893	1488.86	1050	105	932.727	45.1131	45.1131	180.452	180.452	0 19300.5 7405.22 	26705.7	6.4416	6.5039	999.918	666.612	0.009945	0	1.02	1.02
29.75	0.00200537	0.000103897	1488.92	1050	105	932.702	45.1217	45.1217	180.487	180.487	0 19299.9 7404.88 	26704.8	6.44153	6.5039	999.918	666.612	0.00994495	0	1.02	1.02
30	0.00200537	0.000103901	1488.98	1050	105	932.677	45.1303	45.1303	180.521	180.521	0 19299.2 7404.55 	26703.8	6.44145	6.5039	999.918	666.612	0.0099449	0	1.02	1.02
30.25	0.00200538	0.000103905	1489.04	1050	105	932.651	45.139	45.139	180.556	180.556	0 19298.6 7404.21 	26702.8	6.44138	6.5039	999.918	666.612	0.00994486	0	1.02	1.02
30.5	0.00200539	0.000103908	1489.1	1050	105	932.626	45.1476	45.1476	180.591	180.591	0 19298 7403.88 	26701.9	6.4413	6.5039	999.918	666.612	0.00994483	0	1.02	1.02
30.75	0.0020054	0.000103912	1489.16	1050	105	932.601	45.1563	45.1563	180.625	180.625	0 19297.4 7403.55 	26700.9	6.44123	6.5039	999.918	666.612	0.0099448	0	1.02	1.02
31	0.00200541	0.000103916	1489.22	1050	105	932.575	45.165	45.165	180.66	180.66	0 19296.7 7403.23 	26700	6.44115	6.5039	999.918	666.612	0.00994477	0	1.02	1.02
31.25	0.00200541	0.00010392	1489.29	1050	105	932.549	45.1737	45.1737	180.695	180.695	0 19296.1 7402.91 	26699	6.44108	6.5039	999.918	666.612	0.00994475	0	1.02	1.02
31.5	0.00200542	0.000103924	1489.35	1050	105	932.523	45.1824	45.1824	180.73	180.73	0 19295.5 7402.59 	26698.1	6.44101	6.5039	999.918	666.612	0.00994473	0	1.02	1.02
31.75	0.00200543	0.000103927	1489.41	1050	105	932.497	45.1911	45.1911	180.764	180.764	0 19294.9 7402.28 	26697.1	6.44093	6.5039	999.918	666.612	0.00994472	0	1.02	1.02
32	0.00200544	0.000103931	1489.47	1050	105	932.471	45.1998	45.1998	180.799	180.799	0 19294.2 7401.97 	26696.2	6.44086	6.5039	999.918	666.612	0.00994471	0	1.02	1.02
32.25	0.00200544	0.000103935	1489.53	1050	105	932.445	45.2086	45.2086	180.834	180.834	0 19293.6 7401.66 	26695.3	6.44079	6.5039	999.918	666.612	0.00994471	0	1.02	1.02
32.5	0.00200545	0.000103939	1489.59	1050	105	932.418	45.2173	45.2173	180.869	180.869	0 19293 7401.36 	26694.3	6.44071	6.5039	999.918	666.612	0.00994471	0	1.02	1.02
32.75	0.00200546	0.000103943	1489.65	1050	105	932.392	45.2261	45.2261	180.904	180.904	0 19292.3 7401.06 	26693.4	6.44064	6.5039	999.918	666.612	0.00994471	0	1.02	1.02
33	0.00200547	0.000103946	1489.71	1050	105	932.365	45.2349	45.2349	180.939	180.939	0 19291.7 7400.76 	26692.5	6.44057	6.5039	999.918	666.612	0.00994472	0	1.02	1.02
33.25	0.00200547	0.00010395	1489.77	1050	105	932.338	45.2436	45.2436	180.975	180.975	0 19291.1 7400.47 	26691.5	6.4405	6.5039	999.918	666.612	0.00994473	0	1.02	1.02
33.5	0.00200548	0.000103954	1489.84	1050	105	932.311	45.2524	45.2524	181.01	181.01	0 19290.4 7400.18 	26690.6	6.44042	6.5039	999.918	666.612	0.00994475	0	1.02	1.02
33.75	0.00200549	0.000103958	1489.9	1050	105	932.284	45.2612	45.2612	181.045	181.045	0 19289.8 7399.89 	26689.7	6.44035	6.5039	999.918	666.612	0.00994477	0	1.02	1.02
34	0.0020055	0.000103961	1489.96	1050	105	932.257	45.2701	45.2701	181.08	181.08	0 19289.2 7399.61 	26688.8	6.44028	6.5039	999.918	666.612	0.0099448	0	1.02	1.02
34.25	0.0020055	0.000103965	1490.02	1050	105	932.23	45.2789	45.2789	181.116	181.116	0 19288.6 7399.33 	26687.9	6.44021	6.5039	999.918	666.612	0.00994483	0	1.02	1.02
34.5	0.00200551	0.000103969	1490.08	1050	105	932.202	45.2877	45.2877	181.151	181.151	0 19287.9 7399.05 	26687	6.44014	6.5039	999.918	666.612	0.00994487	0	1.02	1.02
34.75	0.00200552	0.000103973	1490.14	1050	105	932.175	45.2966	45.2966	181.186	181.186	0 19287.3 7398.78 	26686.1	6.44007	6.5039	999.918	666.612	0.00994491	0	1.02	1.02
35	0.00200553	0.000103977	1490.2	1050	105	932.147	45.3055	45.3055	181.222	181.222	0 19286.7 7398.51 	26685.2	6.44	6.5039	999.918	666.612	0.00994495	0	1.02	1.02
35.25	0.00200553	0.00010398	1490.26	1050	105	932.119	45.3144	45.3144	181.257	181.257	0 19286 7398.24 	26684.3	6.43993	6.5039	999.918	666.612	0.009945	0	1.02	1.02
35.5	0.00200554	0.000103984	1490.32	1050	105	932.091	45.3232	45.3232	181.293	181.293	0 19285.4 7397.98 	26683.4	6.43986	6.5039	999.918	666.612	0.00994505	0	1.02	1.02
35.75	0.00200555	0.000103988	1490.38	1050	105	932.063	45.3321	45.3321	181.329	181.329	0 19284.8 7397.72 	26682.5	6.43979	6.5039	999.918	666.612	0.00994511	0	1.02	1.02
36	0.00200555	0.000103992	1490.45	1050	105	932.035	45.3411	45.3411	181.364	181.364	0 19284.1 7397.46 	26681.6	6.43972	6.5039	999.918	666.612	0.00994517	0	1.02	1.02
36.25	0.00200556	0.000103996	1490.51	1050	105	932.006	45.35	45.35	181.4	181.4	0 19283.5 7397.21 	26680.7	6.43965	6.5039	999.918	666.612	0.00994523	0	1.02	1.02
36.5	0.00200557	0.000103999	1490.57	1050	105	931.978	45.3589	45.3589	181.436	181.436	0 19282.9 7396.96 	26679.8	6.43958	6.5039	999.918	666.612	0.0099453	0	1.02	1.02
36.75	0.00200558	0.000104003	1490.63	1050	105	931.949	45.3679	45.3679	181.471	181.471	0 19282.2 7396.71 	26678.9	6.43951	6.5039	999.918	666.612	0.00994538	0	1.02	1.02
37	0.00200558	0.000104007	1490.69	1050	105	931.92	45.3768	45.3768	181.507	181.507	0 19281.6 7396.47 	26678.1	6.43944	6.5039	999.918	666.612	0.00994545	0	1.02	1.02
37.25	0.00200559	0.000104011	1490.75	1050	105	931.891	45.3858	45.3858	181.543	181.543	0 19281 7396.23 	26677.2	6.43937	6.5039	999.918	666.612	0.00994554	0	1.02	1.02
37.5	0.0020056	0.000104014	1490.81	1050	105	931.862	45.3948	45.3948	181.579	181.579	0 19280.3 7395.99 	26676.3	6.4393	6.5039	999.918	666.612	0.00994562	0	1.02	1.02
37.75	0.0020056	0.000104018	1490.87	1050	105	931.833	45.4038	45.4038	181.615	181.615	0 19279.7 7395.76 	26675.4	6.43924	6.5039	999.918	666.612	0.00994571	0	1.02	1.02
38	0.00200561	0.000104022	1490.93	1050	105	931.804	45.4128	45.4128	181.651	181.651	0 19279.1 7395.53 	26674.6	6.43917	6.5039	999.918	666.612	0.00994581	0	1.02	1.02
38.25	0.00200562	0.000104026	1490.99	1050	105	931.775	45.4218	45.4218	181.687	181.687	0 19278.4 7395.3 	26673.7	6.4391	6.5039	999.918	666.612	0.00994591	0	1.02	1.02
38.5	0.00200563	0.00010403	1491.05	1050	105	931.745	45.4308	45.4308	181.723	181.723	0 19277.8 7395.07 	26672.9	6.43903	6.5039	999.918	666.612	0.00994601	0	1.02	1.02
38.75	0.00200563	0.000104033	1491.11	1050	105	931.715	45.4399	45.4399	181.759	181.759	0 19277.1 7394.85 	26672	6.43897	6.5039	999.918	666.612	0.00994612	0	1.02	1.02
39	0.00200564	0.000104037	1491.17	1050	105	931.686	45.4489	45.4489	181.796	181.796	0 19276.5 7394.63 	26671.1	6.4389	6.5039	999.918	666.612	0.00994623	0	1.02	1.02
39.25	0.00200565	0.000104041	1491.24	1050	105	931.656	45.458	45.458	181.832	181.832	0 19275.9 7394.42 	26670.3	6.43883	6.5039	999.918	666.612	0.00994635	0	1.02	1.02
39.5	0.00200565	0.000104045	1491.3	1050	105	931.626	45.467	45.467	181.868	181.868	0 19275.2 7394.21 	26669.4	6.43877	6.5039	999.918	666.612	0.00994647	0	1.02	1.02
39.75	0.00200566	0.000104049	1491.36	1050	105	931.596	45.4761	45.4761	181.904	181.904	0 19274.6 7394 	26668.6	6.4387	6.5039	999.918	666.612	0.00994659	0	1.02	1.02
40	0.00200567	0.000104052	1491.42	1050	105	931.565	45.4852	45.4852	181.941	181.941	0 19274 7393.79 	26667.8	6.43864	6.5039	999.918	666.612	0.00994672	0	1.02	1.02
40.25	0.00200567	0.000104056	1491.48	1050	105	931.535	45.4943	45.4943	181.977	181.977	0 19273.3 7393.59 	26666.9	6.43857	6.5039	999.918	666.612	0.00994685	0	1.02	1.02
40.5	0.00200568	0.00010406	1491.54	1050	105	931.504	45.5034	45.5034	182.014	182.014	0 19272.7 7393.39 	26666.1	6.4385	6.5039	999.918	666.612	0.00994699	0	1.02	1.02
40.75	0.00200569	0.000104064	1491.6	1050	105	931.474	45.5126	45.5126	182.05	182.05	0 19272.1 7393.2 	26665.3	6.43844	6.5039	999.918	666.612	0.00994713	0	1.02	1.02
41	0.00200569	0.000104068	1491.66	1050	105	931.443	45.5217	45.5217	182.087	182.087	0 19271.4 7393.01 	26664.4	6.43837	6.5039	999.918	666.612	0.00994727	0	1.02	1.02
41.25	0.0020057	0.000104071	1491.72	1050	105	931.412	45.5308	45.5308	182.123	182.123	0 19270.8 7392.82 	26663.6	6.43831	6.5039	999.918	666.612	0.00994742	0	1.02	1.02
41.5	0.00200571	0.000104075	1491.78	1050	105	931.381	45.54	45.54	182.16	182.16	0 19270.1 7392.63 	26662.8	6.43825	6.5039	999.918	666.612	0.00994758	0	1.02	1.02
41.75	0.00200571	0.000104079	1491.84	1050	105	931.35	45.5492	45.5492	182.197	182.197	0 19269.5 7392.45 	26662	6.43818	6.5039	999.918	666.612	0.00994773	0	1.02	1.02
42	0.00200572	0.000104083	1491.9	1050	105	931.319	45.5583	45.5583	182.233	182.233	0 19268.9 7392.27 	26661.1	6.43812	6.5039	999.918	666.612	0.0099479	0	1.02	1.02
42.25	0.00200573	0.000104087	1491.96	1050	105	931.287	45.5675	45.5675	182.27	182.27	0 19268.2 7392.09 	26660.3	6.43805	6.5039	999.918	666.612	0.00994806	0	1.02	1.02
42.5	0.00200573	0.00010409	1492.02	1050	105	931.256	45.5767	45.5767	182.307	182.307	0 19267.6 7391.92 	26659.5	6.43799	6.5039	999.918	666.612	0.00994823	0	1.02	1.02
42.75	0.00200574	0.000104094	1492.08	1050	105	931.224	45.5859	45.5859	182.344	182.344	0 19267 7391.74 	26658.7	6.43793	6.5039	999.918	666.612	0.00994841	0	1.02	1.02
43	0.00200575	0.000104098	1492.14	1050	105	931.192	45.5952	45.5952	182.381	182.381	0 19266.3 7391.58 	26657.9	6.43786	6.5039	999.918	666.612	0.00994858	0	1.02	1.02
43.25	0.00200575	0.000104102	1492.2	1050	105	931.161	45.6044	45.6044	182.418	182.418	0 19265.7 7391.41 	26657.1	6.4378	6.5039	999.918	666.612	0.00994876	0	1.02	1.02
43.5	0.00200576	0.000104105	1492.27	1050	105	931.129	45.6136	45.6136	182.455	182.455	0 19265 7391.25 	26656.3	6.43774	6.5039	999.918	666.612	0.00994895	0	1.02	1.02
43.75	0.00200577	0.000104109	1492.33	1050	105	931.097	45.6229	45.6229	182.492	182.492	0 19264.4 7391.09 	26655.5	6.43768	6.5039	999.918	666.612	0.00994914	0	1.02	1.02
44	0.00200577	0.000104113	1492.39	1050	105	931.064	45.6322	45.6322	182.529	182.529	0 19263.8 7390.94 	26654.7	6.43761	6.5039	999.918	666.612	0.00994933	0	1.02	1.02
44.25	0.00200578	0.000104117	1492.45	1050	105	931.032	45.6414	45.6414	182.566	182.566	0 19263.1 7390.79 	26653.9	6.43755	6.5039	999.918	666.612	0.00994953	0	1.02	1.02
44.5	0.00200579	0.000104121	1492.51	1050	105	931	45.6507	45.6507	182.603	182.603	0 19262.5 7390.64 	26653.1	6.43749	6.5039	999.918	666.612	0.00994973	0	1.02	1.02
44.75	0.00200579	0.000104124	1492.57	1050	105	930.967	45.66	45.66	182.64	182.64	0 19261.8 7390.49 	26652.3	6.43743	6.5039	999.918	666.612	0.00994994	0	1.02	1.02
45	0.0020058	0.000104128	1492.63	1050	105	930.934	45.6693	45.6693	182.677	182.677	0 19261.2 7390.35 	26651.5	6.43737	6.5039	999.918	666.612	0.00995015	0	1.02	1.02
45.25	0.0020058	0.000104132	1492.69	1050	105	930.902	45.6787	45.6787	182.715	182.715	0 19260.6 7390.21 	26650.8	6.43731	6.5039	999.918	666.612	0.00995036	0	1.02	1.02
45.5	0.00200581	0.000104136	1492.75	1050	105	930.869	45.688	45.688	182.752	182.752	0 19259.9 7390.07 	26650	6.43725	6.5039	999.918	666.612	0.00995058	0	1.02	1.02
45.75	0.00200582	0.00010414	1492.81	1050	105	930.836	45.6973	45.6973	182.789	182.789	0 19259.3 7389.94 	26649.2	6.43718	6.5039	999.918	666.612	0.0099508	0	1.02	1.02
46	0.00200582	0.000104143	1492.87	1050	105	930.803	45.7067	45.7067	182.827	182.827	0 19258.6 7389.8 	26648.4	6.43712	6.5039	999.918	666.612	0.00995103	0	1.02	1.02
46.25	0.00200583	0.000104147	1492.93	1050	105	930.769	45.716	45.716	182.864	182.864	0 19258 7389.68 	26647.7	6.43706	6.5039	999.918	666.612	0.00995126	0	1.02	1.02
46.5	0.00200584	0.000104151	1492.99	1050	105	930.736	45.7254	45.7254	182.902	182.902	0 19257.3 7389.55 	26646.9	6.437	6.5039	999.918	666.612	0.00995149	0	1.02	1.02
46.75	0.00200584	0.000104155	1493.05	1050	105	930.702	45.7348	45.7348	182.939	182.939	0 19256.7 7389.43 	26646.1	6.43694	6.5039	999.918	666.612	0.00995173	0	1.02	1.02
47	0.00200585	0.000104159	1493.11	1050	105	930.669	45.7442	45.7442	182.977	182.977	0 19256.1 7389.31 	26645.4	6.43688	6.5039	999.918	666.612	0.00995197	0	1.02	1.02
47.25	0.00200585	0.000104162	1493.17	1050	105	930.635	45.7536	45.7536	183.014	183.014	0 19255.4 7389.2 	26644.6	6.43683	6.5039	999.918	666.612	0.00995222	0	1.02	1.02
47.5	0.00200586	0.000104166	1493.23	1050	105	930.601	45.763	45.763	183.052	183.052	0 19254.8 7389.08 	26643.9	6.43677	6.5039	999.918	666.612	0.00995247	0	1.02	1.02
47.75	0.00200587	0.00010417	1493.29	1050	105	930.567	45.7724	45.7724	183.09	183.09	0 19254.1 7388.97 	26643.1	6.43671	6.5039	999.918	666.612	0.00995272	0	1.02	1.02
48	0.00200587	0.000104174	1493.35	1050	105	930.533	45.7818	45.7818	183.127	183.127	0 19253.5 7388.87 	26642.3	6.43665	6.5039	999.918	666.612	0.00995298	0	1.02	1.02
48.25	0.00200588	0.000104178	1493.41	1050	105	930.499	45.7913	45.7913	183.165	183.165	0 19252.8 7388.76 	26641.6	6.43659	6.5039	999.918	666.612	0.00995324	0	1.02	1.02
48.5	0.00200589	0.000104181	1493.47	1050	105	930.465	45.8007	45.8007	183.203	183.203	0 19252.2 7388.66 	26640.9	6.43653	6.5039	999.918	666.612	0.00995351	0	1.02	1.02
48.75	0.00200589	0.000104185	1493.53	1050	105	930.43	45.8102	45.8102	183.241	183.241	0 19251.6 7388.56 	26640.1	6.43647	6.5039	999.918	666.612	0.00995378	0	1.02	1.02
49	0.0020059	0.000104189	1493.59	1050	105	930.396	45.8197	45.8197	183.279	183.279	0 19250.9 7388.47 	26639.4	6.43642	6.5039	999.918	666.612	0.00995405	0	1.02	1.02
49.25	0.0020059	0.000104193	1493.65	1050	105	930.361	45.8291	45.8291	183.317	183.317	0 19250.3 7388.37 	26638.6	6.43636	6.5039	999.918	666.612	0.00995433	0	1.02	1.02
49.5	0.00200591	0.000104197	1493.71	1050	105	930.326	45.8386	45.8386	183.355	183.355	0 19249.6 7388.29 	26637.9	6.4363	6.5039	999.918	666.612	0.00995461	0	1.02	1.02
49.75	0.00200592	0.0001042	1493.77	1050	105	930.292	45.8481	45.8481	183.393	183.393	0 19249 7388.2 	26637.2	6.43624	6.5039	999.918	666.612	0.00995489	0	1.02	1.02
50	0.00200592	0.000104204	1493.83	1050	105	930.257	45.8577	45.8577	183.431	183.431	0 19248.3 7388.12 	26636.4	6.43619	6.5039	999.918	666.612	0.00995518	0	1.02	1.02
