0.2	0.00199891	7.40534e-05	1050.21	1050	105	504.208	44.1	44.1	176.4	176.4	0 17993.7 9553.37 	27547.1	0.002074	1.85e-05	1050	1050	1050	0 1.8293e+07 8.31681e+06 	2.66098e+07	6.50418	6.5039	666.612	666.612	0.00904993	0	1.02	1.02
0.4	0.00199889	7.40644e-05	1050.36	1050	105	504.357	44.0999	44.0999	176.4	176.4	0 17990.8 9551.2 	27542	0.002074	1.85e-05	1050	1050	1050	0 1.82919e+07 8.31637e+06 	2.66083e+07	6.50438	6.5039	666.612	666.612	0.00904916	0	1.02	1.02
0.6	0.00199887	7.40722e-05	1050.46	1050	105	504.462	44.0999	44.0999	176.4	176.4	0 17988.8 9549.65 	27538.5	0.002074	1.85e-05	1050	1050	1050	0 1.82911e+07 8.31603e+06 	2.66072e+07	6.50453	6.5039	666.612	666.612	0.00904858	0	1.02	1.02
0.8	0.00199886	7.40777e-05	1050.53	1050	105	504.536	44.0998	44.0998	176.399	176.399	0 17987.4 9548.53 	27535.9	0.002074	1.85e-05	1050	1050	1050	0 1.82905e+07 8.31578e+06 	2.66063e+07	6.50464	6.5039	666.612	666.612	0.00904815	0	1.02	1.02
1	0.00199885	7.40816e-05	1050.59	1050	105	504.588	44.0997	44.0997	176.399	176.399	0 17986.4 9547.73 	27534.1	0.002074	1.85e-05	1050	1050	1050	0 1.82901e+07 8.3156e+06 	2.66057e+07	6.50472	6.5039	666.612	666.612	0.00904784	0	1.02	1.02
1.2	0.00199885	7.40842e-05	1050.62	1050	105	504.625	44.0996	44.0996	176.399	176.399	0 17985.7 9547.15 	27532.8	0.002074	1.85e-05	1050	1050	1050	0 1.82897e+07 8.31545e+06 	2.66052e+07	6.50478	6.5039	666.612	666.612	0.0090476	0	1.02	1.02
1.4	0.00199884	7.4086e-05	1050.64	1050	105	504.649	44.0995	44.0995	176.398	176.398	0 17985.2 9546.75 	27531.9	0.002074	1.85e-05	1050	1050	1050	0 1.82895e+07 8.31534e+06 	2.66048e+07	6.50483	6.5039	666.612	666.612	0.00904742	0	1.02	1.02
1.6	0.00199884	7.40872e-05	1050.66	1050	105	504.666	44.0994	44.0994	176.398	176.398	0 17984.9 9546.46 	27531.3	0.002074	1.85e-05	1050	1050	1050	0 1.82892e+07 8.31526e+06 	2.66045e+07	6.50486	6.5039	666.612	666.612	0.00904728	0	1.02	1.02
1.8	0.00199884	7.4088e-05	1050.67	1050	105	504.677	44.0993	44.0993	176.397	176.397	0 17984.7 9546.26 	27530.9	0.002074	1.85e-05	1050	1050	1050	0 1.82891e+07 8.3152e+06 	2.66043e+07	6.50488	6.5039	666.612	666.612	0.00904717	0	1.02	1.02
2	0.00199883	7.40885e-05	1050.68	1050	105	504.685	44.0992	44.0992	176.397	176.397	0 17984.5 9546.11 	27530.6	0.002074	1.85e-05	1050	1050	1050	0 1.8289e+07 8.31515e+06 	2.66041e+07	6.5049	6.5039	666.612	666.612	0.00904709	0	1.02	1.02
2.2	0.00200735	7.44999e-05	1061.04	1050	105	515	44.1036	44.1036	176.414	176.414	0 19366.1 9894.18 	29260.3	0.00208185	1.83317e-05	1044.33	1050	1044.33	0 1.279e+06 905571 	2.18457e+06	6.42246	6.5039	12399	666.612	0.227573	0	1.02	1.02
2.4	0.00200077	7.5469e-05	1071.63	1050	105	525.542	44.109	44.109	176.436	176.436	0 18311.1 9488.81 	27799.9	0.00207623	1.82805e-05	1038.6	1050	1038.6	0 1.28145e+06 1.1794e+06 	2.46085e+06	6.48607	6.5039	12399	666.612	0.291669	0	1.02	1.02
2.6	0.00199513	7.54323e-05	1068.14	1050	105	522.064	44.108	44.108	176.432	176.432	0 17401.7 9236.42 	26638.2	0.00207057	1.82286e-05	1032.82	1050	1032.82	0 1.28507e+06 1.45625e+06 	2.74132e+06	6.54115	6.5039	12399	666.612	0.35577	0	1.02	1.02
2.8	0.00199026	7.45796e-05	1053.32	1050	105	507.303	44.1013	44.1013	176.405	176.405	0 16629.4 9099.03 	25728.4	0.00206484	1.8176e-05	1027	1050	1027	0 1.28945e+06 1.7359e+06 	3.02535e+06	6.58932	6.5039	12399	666.612	0.419793	0	1.02	1.02
3	0.00198586	7.31937e-05	1031.14	1050	105	485.249	44.0895	44.0895	176.358	176.358	0 15962.9 9033.73 	24996.6	0.00205905	1.81228e-05	1021.12	1050	1021.12	0 1.29418e+06 2.01813e+06 	3.31231e+06	6.63324	6.5039	12399	666.612	0.483659	0	1.02	1.02
3.2	0.00198168	7.15156e-05	1005.01	1050	105	459.274	44.0732	44.0732	176.293	176.293	0 15374.4 9006.44 	24380.8	0.0020532	1.8069e-05	1015.19	1050	1015.19	0 1.29899e+06 2.30275e+06 	3.60174e+06	6.67525	6.5039	12399	666.612	0.5473	0	1.02	1.02
3.4	0.00197762	6.96564e-05	976.456	1050	105	430.934	44.0523	44.0523	176.209	176.209	0 14851.5 9002.16 	23853.7	0.00204728	1.80145e-05	1009.21	1050	1009.21	0 1.30372e+06 2.58969e+06 	3.89341e+06	6.71646	6.5039	12399	666.612	0.610674	0	1.02	1.02
3.6	0.00197361	6.76811e-05	946.409	1050	105	401.139	44.027	44.027	176.108	176.108	0 14386.6 9012.29 	23398.9	0.00204129	1.79595e-05	1003.19	1050	1003.19	0 1.30833e+06 2.87888e+06 	4.18721e+06	6.75751	6.5039	12399	666.612	0.673747	0	1.02	1.02
3.8	0.0019696	6.56346e-05	915.491	1050	105	370.519	43.9972	43.9972	175.989	175.989	0 13972.7 9030.71 	23003.4	0.00203524	1.79039e-05	997.113	1050	997.113	0 1.31278e+06 3.17027e+06 	4.48306e+06	6.79885	6.5039	12399	666.612	0.736487	0	1.02	1.02
4	0.00196557	6.3547e-05	884.125	1050	105	339.495	43.963	43.963	175.852	175.852	0 13602.4 9053.1 	22655.5	0.00202911	1.78477e-05	990.992	1050	990.992	0 1.31707e+06 3.46384e+06 	4.78091e+06	6.84081	6.5039	12399	666.612	0.798868	0	1.02	1.02
4.2	0.00196149	6.14368e-05	852.567	1050	105	308.325	43.9243	43.9243	175.697	175.697	0 13266.1 9076.65 	22342.7	0.00202292	1.77909e-05	984.824	1050	984.824	0 1.3212e+06 3.75956e+06 	5.08077e+06	6.88359	6.5039	12399	666.612	0.860866	0	1.02	1.02
4.4	0.00195735	5.93125e-05	820.943	1050	105	277.134	43.8809	43.8809	175.524	175.524	0 12951.2 9099.91 	22051.1	0.00201667	1.77335e-05	978.61	1050	978.61	0 1.32523e+06 4.05742e+06 	5.38265e+06	6.92728	6.5039	12399	666.612	0.922459	0	1.02	1.02
4.6	0.00195317	5.71743e-05	789.255	1050	105	245.927	43.8328	43.8328	175.331	175.331	0 12641 9122.9 	21763.9	0.00201034	1.76755e-05	972.351	1050	972.351	0 1.32922e+06 4.3574e+06 	5.68662e+06	6.97191	6.5039	12399	666.612	0.98363	0	1.02	1.02
4.8	0.00194888	5.50758e-05	758.238	1050	105	215.439	43.7799	43.7799	175.119	175.119	0 12318.3 9134.88 	21453.2	0.00200395	1.76169e-05	966.048	1050	966.048	0 1.33313e+06 4.65947e+06 	5.9926e+06	7.01806	6.5039	12399	666.612	1.04435	0	1.02	1.02
5	0.00194429	5.32074e-05	730.468	1050	105	188.25	43.7218	43.7218	174.887	174.887	0 11977.3 9095.09 	21072.4	0.0019975	1.75578e-05	959.7	1050	959.7	0 1.33673e+06 4.96346e+06 	6.30019e+06	7.06787	6.5039	12399	666.612	1.10455	0	1.02	1.02
5.2	0.00193931	5.1658e-05	707.126	1050	105	165.544	43.6582	43.6582	174.633	174.633	0 11617 8979.68 	20596.7	0.00199097	1.74981e-05	953.31	1050	953.31	0 1.33988e+06 5.26927e+06 	6.60916e+06	7.12244	6.5039	12399	666.612	1.16421	0	1.02	1.02
5.4	0.001934	5.03745e-05	687.467	1050	105	146.581	43.5886	43.5886	174.354	174.354	0 11229.8 8795.04 	20024.9	0.00198437	1.74378e-05	946.878	1050	946.878	0 1.34271e+06 5.57692e+06 	6.91963e+06	7.1813	6.5039	12399	666.612	1.2233	0	1.02	1.02
5.6	0.00192839	4.93131e-05	670.877	1050	105	130.745	43.5131	43.5131	174.052	174.052	0 10809.8 8548.14 	19357.9	0.00197771	1.73769e-05	940.405	1050	940.405	0 1.34529e+06 5.88641e+06 	7.2317e+06	7.24407	6.5039	12399	666.612	1.28181	0	1.02	1.02
5.8	0.00192254	4.84397e-05	656.87	1050	105	117.52	43.435	43.435	173.74	173.74	0 10352.2 8246.38 	18598.6	0.00197098	1.73155e-05	933.892	1050	933.892	0 1.3477e+06 6.19771e+06 	7.54541e+06	7.31047	6.5039	12399	666.612	1.33973	0	1.02	1.02
6	0.00191646	4.77256e-05	645.046	1050	105	106.476	43.357	43.357	173.428	173.428	0 9856.98 7896.95 	17753.9	0.00196418	1.72535e-05	927.339	1050	927.339	0 1.34997e+06 6.51083e+06 	7.86079e+06	7.38029	6.5039	12399	666.612	1.39704	0	1.02	1.02
6.2	0.00191018	4.71452e-05	635.045	1050	105	97.2528	43.2792	43.2792	173.117	173.117	0 9327.66 7506.28 	16833.9	0.00195732	1.71909e-05	920.748	1050	920.748	0 1.35214e+06 6.82571e+06 	8.17785e+06	7.45332	6.5039	12399	666.612	1.45371	0	1.02	1.02
6.4	0.00190372	4.66772e-05	626.566	1050	105	89.5501	43.2015	43.2015	172.806	172.806	0 8770.74 7080.23 	15851	0.0019504	1.71278e-05	914.12	1050	914.12	0 1.35422e+06 7.14233e+06 	8.49655e+06	7.5294	6.5039	12399	666.612	1.50973	0	1.02	1.02
6.6	0.00189711	4.63037e-05	619.358	1050	105	83.1175	43.124	43.124	172.496	172.496	0 8194.38 6624.07 	14818.5	0.00194341	1.70641e-05	907.455	1050	907.455	0 1.35623e+06 7.46063e+06 	8.81686e+06	7.60844	6.5039	12399	666.612	1.56507	0	1.02	1.02
6.8	0.00189035	4.60097e-05	613.212	1050	105	77.7455	43.0467	43.0467	172.187	172.187	0 7606.97 6142.41 	13749.4	0.00193636	1.69998e-05	900.756	1050	900.756	0 1.35816e+06 7.78058e+06 	9.13874e+06	7.69032	6.5039	12399	666.612	1.6197	0	1.02	1.02
7	0.00188346	4.57827e-05	607.954	1050	105	73.2593	42.9695	42.9695	171.878	171.878	0 7015.9 5639.28 	12655.2	0.00192924	1.69349e-05	894.022	1050	894.022	0 1.36002e+06 8.10211e+06 	9.46213e+06	7.77499	6.5039	12399	666.612	1.67361	0	1.02	1.02
7.2	0.00187646	4.56122e-05	603.437	1050	105	69.5127	42.8925	42.8925	171.57	171.57	0 6426.91 5118.1 	11545	0.00192207	1.68695e-05	887.255	1050	887.255	0 1.36181e+06 8.42519e+06 	9.78699e+06	7.86241	6.5039	12399	666.612	1.72676	0	1.02	1.02
7.4	0.00186934	4.54895e-05	599.54	1050	105	66.3839	42.8156	42.8156	171.262	171.262	0 5843.91 4581.82 	10425.7	0.00191483	1.68035e-05	880.456	1050	880.456	0 1.36353e+06 8.74975e+06 	1.01133e+07	7.95254	6.5039	12399	666.612	1.77915	0	1.02	1.02
7.6	0.00186212	4.54072e-05	596.159	1050	105	63.7709	42.7388	42.7388	170.955	170.955	0 5269.77 4033.54 	9303.31	0.00190753	1.6737e-05	873.626	1050	873.626	0 1.36519e+06 9.07574e+06 	1.04409e+07	8.04536	6.5039	12399	666.612	1.83074	0	1.02	1.02
7.8	0.0018548	4.53593e-05	593.211	1050	105	61.5888	42.6622	42.6622	170.649	170.649	0 4871.38 3670.29 	8541.67	0.00190016	1.66699e-05	866.767	1050	866.767	0 1.36633e+06 9.4029e+06 	1.07692e+07	8.14096	6.5039	12399	666.612	1.88157	0	1.02	1.02
8	0.00184739	4.53409e-05	590.625	1050	105	59.7664	42.5858	42.5858	170.343	170.343	0 4800.42 3677.83 	8478.24	0.00189273	1.66025e-05	859.879	1050	859.879	0 1.36655e+06 9.73095e+06 	1.10975e+07	8.23942	6.5039	12399	666.612	1.93169	0	1.02	1.02
8.2	0.00183989	4.53473e-05	588.34	1050	105	58.2446	42.5095	42.5095	170.038	170.038	0 4737.3 3684.76 	8422.06	0.00188523	1.65344e-05	852.964	1050	852.964	0 1.36672e+06 1.00603e+07 	1.1427e+07	8.34061	6.5039	12399	666.612	1.98095	0	1.02	1.02
8.4	0.0018323	4.53751e-05	586.308	1050	105	56.9736	42.4334	42.4334	169.734	169.734	0 4680.94 3691.41 	8372.35	0.00187768	1.64659e-05	846.023	1050	846.023	0 1.36685e+06 1.03908e+07 	1.17577e+07	8.44458	6.5039	12399	666.612	2.02933	0	1.02	1.02
8.6	0.00182465	4.54211e-05	584.487	1050	105	55.9122	42.3575	42.3575	169.43	169.43	0 4630.23 3697.88 	8328.11	0.00187007	1.63968e-05	839.057	1050	839.057	0 1.36694e+06 1.07225e+07 	1.20895e+07	8.55135	6.5039	12399	666.612	2.07682	0	1.02	1.02
8.8	0.00181691	4.54829e-05	582.842	1050	105	55.0258	42.2816	42.2816	169.127	169.127	0 4584.26 3704.31 	8288.57	0.0018624	1.63272e-05	832.068	1050	832.068	0 1.36701e+06 1.10553e+07 	1.24223e+07	8.66097	6.5039	12399	666.612	2.1234	0	1.02	1.02
9	0.00180911	4.55583e-05	581.345	1050	105	54.2856	42.206	42.206	168.824	168.824	0 4542.17 3710.68 	8252.84	0.00185467	1.6257e-05	825.057	1050	825.057	0 1.36705e+06 1.13892e+07 	1.27562e+07	8.7735	6.5039	12399	666.612	2.16905	0	1.02	1.02
9.2	0.00180124	4.56457e-05	579.972	1050	105	53.6674	42.1304	42.1304	168.522	168.522	0 4503.27 3717.04 	8220.31	0.00184689	1.61864e-05	818.024	1050	818.024	0 1.36708e+06 1.1724e+07 	1.30911e+07	8.88899	6.5039	12399	666.612	2.21375	0	1.02	1.02
9.4	0.00179331	4.57435e-05	578.702	1050	105	53.1512	42.0551	42.0551	168.22	168.22	0 4466.92 3723.34 	8190.27	0.00183905	1.61152e-05	810.972	1050	810.972	0 1.36708e+06 1.20598e+07 	1.34269e+07	9.0075	6.5039	12399	666.612	2.25747	0	1.02	1.02
9.6	0.00178531	4.58505e-05	577.519	1050	105	52.72	41.9799	41.9799	167.919	167.919	0 4432.58 3729.51 	8162.09	0.00183116	1.60436e-05	803.902	1050	803.902	0 1.36708e+06 1.23964e+07 	1.37635e+07	9.12909	6.5039	12399	666.612	2.30022	0	1.02	1.02
9.8	0.00177725	4.59657e-05	576.408	1050	105	52.36	41.9048	41.9048	167.619	167.619	0 4399.8 3735.49 	8135.29	0.00182322	1.59714e-05	796.815	1050	796.815	0 1.36706e+06 1.27338e+07 	1.41009e+07	9.25384	6.5039	12399	666.612	2.34196	0	1.02	1.02
10	0.00176913	4.60883e-05	575.358	1050	105	52.0593	41.8299	41.8299	167.32	167.32	0 4368.13 3741.16 	8109.29	0.00181522	1.58988e-05	789.712	1050	789.712	0 1.36703e+06 1.3072e+07 	1.4439e+07	9.38183	6.5039	12399	666.612	2.38269	0	1.02	1.02
10.2	0.00176096	4.62175e-05	574.359	1050	105	51.8082	41.7551	41.7551	167.02	167.02	0 4337.31 3746.51 	8083.82	0.00180718	1.58257e-05	782.595	1050	782.595	0 1.36699e+06 1.34108e+07 	1.47778e+07	9.51313	6.5039	12399	666.612	2.42239	0	1.02	1.02
10.4	0.00175272	4.63527e-05	573.404	1050	105	51.5985	41.6805	41.6805	166.722	166.722	0 4307.18 3751.62 	8058.79	0.00179908	1.57521e-05	775.465	1050	775.465	0 1.36695e+06 1.37502e+07 	1.51172e+07	9.64783	6.5039	12399	666.612	2.46104	0	1.02	1.02
10.6	0.00174444	4.64935e-05	572.484	1050	105	51.4233	41.606	41.606	166.424	166.424	0 4277.57 3756.5 	8034.08	0.00179093	1.56781e-05	768.324	1050	768.324	0 1.3669e+06 1.40902e+07 	1.54571e+07	9.78601	6.5039	12399	666.612	2.49863	0	1.02	1.02
10.8	0.00173609	4.66395e-05	571.594	1050	105	51.2771	41.5317	41.5317	166.127	166.127	0 4248.38 3761.21 	8009.59	0.00178273	1.56036e-05	761.173	1050	761.173	0 1.36684e+06 1.44306e+07 	1.57975e+07	9.92777	6.5039	12399	666.612	2.53516	0	1.02	1.02
11	0.0017277	4.67903e-05	570.73	1050	105	51.1549	41.4576	41.4576	165.83	165.83	0 4219.5 3765.75 	7985.25	0.00177449	1.55287e-05	754.014	1050	754.014	0 1.36678e+06 1.47715e+07 	1.61383e+07	10.0732	6.5039	12399	666.612	2.5706	0	1.02	1.02
11.2	0.00171925	4.69456e-05	569.888	1050	105	51.0529	41.3835	41.3835	165.534	165.534	0 4190.86 3770.16 	7961.03	0.0017662	1.54533e-05	746.847	1050	746.847	0 1.36671e+06 1.51127e+07 	1.64794e+07	10.2224	6.5039	12399	666.612	2.60495	0	1.02	1.02
11.4	0.00171075	4.71052e-05	569.064	1050	105	50.9677	41.3097	41.3097	165.239	165.239	0 4162.41 3774.48 	7936.9	0.00175786	1.53775e-05	739.674	1050	739.674	0 1.36664e+06 1.54541e+07 	1.68208e+07	10.3755	6.5039	12399	666.612	2.6382	0	1.02	1.02
11.6	0.00170221	4.7269e-05	568.256	1050	105	50.8966	41.2359	41.2359	164.944	164.944	0 4134.1 3778.71 	7912.81	0.00174948	1.53012e-05	732.498	1050	732.498	0 1.36657e+06 1.57958e+07 	1.71623e+07	10.5325	6.5039	12399	666.612	2.67033	0	1.02	1.02
11.8	0.00169361	4.74367e-05	567.461	1050	105	50.8372	41.1624	41.1624	164.649	164.649	0 4105.87 3782.86 	7888.73	0.00174105	1.52246e-05	725.318	1050	725.318	0 1.36649e+06 1.61375e+07 	1.7504e+07	10.6937	6.5039	12399	666.612	2.70135	0	1.02	1.02
12	0.00168497	4.76083e-05	566.677	1050	105	50.7876	41.0889	41.0889	164.356	164.356	0 4077.7 3786.94 	7864.64	0.00173258	1.51476e-05	718.137	1050	718.137	0 1.36641e+06 1.64794e+07 	1.78458e+07	10.859	6.5039	12399	666.612	2.73124	0	1.02	1.02
12.2	0.00167629	4.77837e-05	565.903	1050	105	50.7461	41.0156	41.0156	164.063	164.063	0 4049.57 3790.97 	7840.53	0.00172407	1.50701e-05	710.956	1050	710.956	0 1.36633e+06 1.68212e+07 	1.81876e+07	11.0287	6.5039	12399	666.612	2.76	0	1.02	1.02
12.4	0.00166756	4.79628e-05	565.137	1050	105	50.7115	40.9425	40.9425	163.77	163.77	0 4021.46 3794.94 	7816.4	0.00171552	1.49923e-05	703.776	1050	703.776	0 1.36625e+06 1.7163e+07 	1.85293e+07	11.2028	6.5039	12399	666.612	2.78762	0	1.02	1.02
12.6	0.00165879	4.81455e-05	564.378	1050	105	50.6826	40.8695	40.8695	163.478	163.478	0 3993.35 3798.88 	7792.23	0.00170693	1.49141e-05	696.599	1050	696.599	0 1.36616e+06 1.75047e+07 	1.88708e+07	11.3815	6.5039	12399	666.612	2.8141	0	1.02	1.02
12.8	0.00164997	4.83317e-05	563.625	1050	105	50.6585	40.7967	40.7967	163.187	163.187	0 3965.23 3802.78 	7768.02	0.0016983	1.48355e-05	689.427	1050	689.427	0 1.36607e+06 1.78461e+07 	1.92122e+07	11.5649	6.5039	12399	666.612	2.83943	0	1.02	1.02
13	0.00164112	4.85216e-05	562.878	1050	105	50.6384	40.724	40.724	162.896	162.896	0 3937.12 3806.67 	7743.79	0.00168964	1.47566e-05	682.26	1050	682.26	0 1.36597e+06 1.81872e+07 	1.95532e+07	11.7531	6.5039	12399	666.612	2.86361	0	1.02	1.02
13.2	0.00163222	4.87149e-05	562.136	1050	105	50.6215	40.6514	40.6514	162.606	162.606	0 3908.99 3810.53 	7719.52	0.00168094	1.46774e-05	675.1	1050	675.1	0 1.36588e+06 1.85281e+07 	1.98939e+07	11.9463	6.5039	12399	666.612	2.88664	0	1.02	1.02
13.4	0.00162329	4.89118e-05	561.397	1050	105	50.6075	40.579	40.579	162.316	162.316	0 3880.83 3814.37 	7695.2	0.0016722	1.45978e-05	667.949	1050	667.949	0 1.36578e+06 1.88685e+07 	2.02342e+07	12.1446	6.5039	12399	666.612	2.90852	0	1.02	1.02
13.6	0.00161432	4.91122e-05	560.663	1050	105	50.5957	40.5067	40.5067	162.027	162.027	0 3852.66 3818.19 	7670.85	0.00166343	1.45179e-05	660.808	1050	660.808	0 1.36568e+06 1.92084e+07 	2.05741e+07	12.3481	6.5039	12399	666.612	2.92925	0	1.02	1.02
13.8	0.00160531	4.93161e-05	559.932	1050	105	50.5859	40.4346	40.4346	161.738	161.738	0 3824.47 3821.99 	7646.46	0.00165463	1.44376e-05	653.678	1050	653.678	0 1.36557e+06 1.95478e+07 	2.09133e+07	12.5571	6.5039	12399	666.612	2.94883	0	1.02	1.02
14	0.00159627	4.95235e-05	559.204	1050	105	50.5777	40.3626	40.3626	161.451	161.451	0 3796.25 3825.78 	7622.03	0.0016458	1.43571e-05	646.561	1050	646.561	0 1.36547e+06 1.98865e+07 	2.1252e+07	12.7717	6.5039	12399	666.612	2.96726	0	1.02	1.02
14.2	0.0015872	4.97344e-05	558.479	1050	105	50.5709	40.2908	40.2908	161.163	161.163	0 3768.03 3829.55 	7597.58	0.00163693	1.42763e-05	639.459	1050	639.459	0 1.36536e+06 2.02246e+07 	2.159e+07	12.992	6.5039	12399	666.612	2.98454	0	1.02	1.02
14.4	0.00157809	4.99489e-05	557.756	1050	105	50.5652	40.2191	40.2191	160.876	160.876	0 3739.78 3833.31 	7573.09	0.00162804	1.41952e-05	632.372	1050	632.372	0 1.36525e+06 2.0562e+07 	2.19272e+07	13.2182	6.5039	12399	666.612	3.00068	0	1.02	1.02
14.6	0.00156896	5.01669e-05	557.036	1050	105	50.5604	40.1476	40.1476	160.59	160.59	0 3711.53 3837.06 	7548.59	0.00161912	1.41138e-05	625.301	1050	625.301	0 1.36514e+06 2.08985e+07 	2.22636e+07	13.4505	6.5039	12399	666.612	3.01568	0	1.02	1.02
14.8	0.00155979	5.03885e-05	556.318	1050	105	50.5564	40.0762	40.0762	160.305	160.305	0 3683.27 3840.8 	7524.07	0.00161018	1.40322e-05	618.249	1050	618.249	0 1.36502e+06 2.12342e+07 	2.25992e+07	13.689	6.5039	12399	666.612	3.02955	0	1.02	1.02
15	0.00155059	5.06137e-05	555.602	1050	105	50.5531	40.0049	40.0049	160.02	160.02	0 3655.01 3844.53 	7499.54	0.00160121	1.39503e-05	611.217	1050	611.217	0 1.3649e+06 2.15689e+07 	2.29338e+07	13.934	6.5039	12399	666.612	3.0423	0	1.02	1.02
15.2	0.00154137	5.08425e-05	554.888	1050	105	50.5503	39.9338	39.9338	159.735	159.735	0 3626.75 3848.26 	7475.01	0.00159221	1.38682e-05	604.205	1050	604.205	0 1.36478e+06 2.19026e+07 	2.32674e+07	14.1856	6.5039	12399	666.612	3.05392	0	1.02	1.02
15.4	0.00153212	5.1075e-05	554.176	1050	105	50.548	39.8628	39.8628	159.451	159.451	0 3598.5 3851.97 	7450.47	0.0015832	1.37858e-05	597.216	1050	597.216	0 1.36466e+06 2.22353e+07 	2.35999e+07	14.4441	6.5039	12399	666.612	3.06444	0	1.02	1.02
15.6	0.00152285	5.13111e-05	553.466	1050	105	50.5461	39.792	39.792	159.168	159.168	0 3570.26 3855.69 	7425.95	0.00157416	1.37033e-05	590.25	1050	590.25	0 1.36453e+06 2.25668e+07 	2.39314e+07	14.7095	6.5039	12399	666.612	3.07385	0	1.02	1.02
15.8	0.00151355	5.15509e-05	552.757	1050	105	50.5445	39.7213	39.7213	158.885	158.885	0 3542.04 3859.39 	7401.44	0.0015651	1.36205e-05	583.309	1050	583.309	0 1.36441e+06 2.28972e+07 	2.42616e+07	14.9823	6.5039	12399	666.612	3.08217	0	1.02	1.02
16	0.00150423	5.17945e-05	552.05	1050	105	50.5431	39.6507	39.6507	158.603	158.603	0 3513.85 3863.09 	7376.94	0.00155603	1.35376e-05	576.394	1050	576.394	0 1.36428e+06 2.32263e+07 	2.45906e+07	15.2624	6.5039	12399	666.612	3.0894	0	1.02	1.02
16.2	0.00149489	5.20418e-05	551.345	1050	105	50.542	39.5803	39.5803	158.321	158.321	0 3485.68 3866.78 	7352.45	0.00154694	1.34544e-05	569.506	1050	569.506	0 1.36414e+06 2.35541e+07 	2.49183e+07	15.5503	6.5039	12399	666.612	3.09556	0	1.02	1.02
16.4	0.00148553	5.22928e-05	550.641	1050	105	50.5411	39.51	39.51	158.04	158.04	0 3457.54 3870.46 	7327.99	0.00153783	1.33711e-05	562.647	1050	562.647	0 1.36401e+06 2.38806e+07 	2.52446e+07	15.8461	6.5039	12399	666.612	3.10066	0	1.02	1.02
16.6	0.00147616	5.25477e-05	549.939	1050	105	50.5403	39.4399	39.4399	157.76	157.76	0 3429.43 3874.13 	7303.56	0.0015287	1.32877e-05	555.817	1050	555.817	0 1.36387e+06 2.42057e+07 	2.55695e+07	16.15	6.5039	12399	666.612	3.10471	0	1.02	1.02
16.8	0.00146676	5.28064e-05	549.239	1050	105	50.5396	39.3699	39.3699	157.48	157.48	0 3401.37 3877.8 	7279.17	0.00151957	1.32041e-05	549.019	1050	549.019	0 1.36373e+06 2.45292e+07 	2.5893e+07	16.4623	6.5039	12399	666.612	3.10773	0	1.02	1.02
17	0.00145735	5.3069e-05	548.54	1050	105	50.5391	39.3001	39.3001	157.2	157.2	0 3373.36 3881.45 	7254.81	0.00151042	1.31203e-05	542.252	1050	542.252	0 1.36358e+06 2.48513e+07 	2.62149e+07	16.7833	6.5039	12399	666.612	3.10972	0	1.02	1.02
17.2	0.00144793	5.33355e-05	547.842	1050	105	50.5386	39.2304	39.2304	156.921	156.921	0 3345.39 3885.1 	7230.49	0.00150126	1.30365e-05	535.518	1050	535.518	0 1.36344e+06 2.51718e+07 	2.65352e+07	17.1132	6.5039	12399	666.612	3.11071	0	1.02	1.02
17.4	0.00143849	5.36059e-05	547.146	1050	105	50.5382	39.1608	39.1608	156.643	156.643	0 3317.48 3888.74 	7206.23	0.00149209	1.29525e-05	528.818	1050	528.818	0 1.36329e+06 2.54906e+07 	2.68539e+07	17.4523	6.5039	12399	666.612	3.1107	0	1.02	1.02
17.6	0.00142904	5.38803e-05	546.451	1050	105	50.5379	39.0914	39.0914	156.365	156.365	0 3289.64 3892.37 	7182.01	0.00148292	1.28684e-05	522.154	1050	522.154	0 1.36313e+06 2.58078e+07 	2.71709e+07	17.8008	6.5039	12399	666.612	3.10971	0	1.02	1.02
17.8	0.00141958	5.41587e-05	545.758	1050	105	50.5376	39.0221	39.0221	156.088	156.088	0 3261.86 3896 	7157.86	0.00147374	1.27842e-05	515.525	1050	515.525	0 1.36298e+06 2.61232e+07 	2.74862e+07	18.1591	6.5039	12399	666.612	3.10777	0	1.02	1.02
18	0.00141011	5.44412e-05	545.067	1050	105	50.5374	38.9529	38.9529	155.812	155.812	0 3234.15 3899.61 	7133.76	0.00146455	1.27e-05	508.934	1050	508.934	0 1.36282e+06 2.64369e+07 	2.77997e+07	18.5274	6.5039	12399	666.612	3.10487	0	1.02	1.02
18.2	0.00140063	5.47277e-05	544.376	1050	105	50.5372	38.8839	38.8839	155.536	155.536	0 3206.52 3903.22 	7109.73	0.00145536	1.26157e-05	502.382	1050	502.382	0 1.36266e+06 2.67487e+07 	2.81113e+07	18.9061	6.5039	12399	666.612	3.10105	0	1.02	1.02
18.4	0.00139114	5.50183e-05	543.687	1050	105	50.5371	38.815	38.815	155.26	155.26	0 3178.96 3906.81 	7085.78	0.00144616	1.25313e-05	495.868	1050	495.868	0 1.3625e+06 2.70586e+07 	2.84211e+07	19.2955	6.5039	12399	666.612	3.09631	0	1.02	1.02
18.6	0.00138165	5.5313e-05	543	1050	105	50.5369	38.7463	38.7463	154.985	154.985	0 3151.49 3910.4 	7061.89	0.00143696	1.24469e-05	489.395	1050	489.395	0 1.36233e+06 2.73667e+07 	2.8729e+07	19.6959	6.5039	12399	666.612	3.09068	0	1.02	1.02
18.8	0.00137216	5.56119e-05	542.314	1050	105	50.5368	38.6777	38.6777	154.711	154.711	0 3124.11 3913.97 	7038.09	0.00142777	1.23624e-05	482.963	1050	482.963	0 1.36216e+06 2.76727e+07 	2.90349e+07	20.1076	6.5039	12399	666.612	3.08418	0	1.02	1.02
19	0.00136266	5.5915e-05	541.629	1050	105	50.5367	38.6092	38.6092	154.437	154.437	0 3096.83 3917.54 	7014.37	0.00141857	1.2278e-05	476.573	1050	476.573	0 1.36198e+06 2.79768e+07 	2.93388e+07	20.5311	6.5039	12399	666.612	3.07682	0	1.02	1.02
19.2	0.00135316	5.62224e-05	540.945	1050	105	50.5367	38.5409	38.5409	154.163	154.163	0 3069.64 3921.09 	6990.73	0.00140938	1.21935e-05	470.226	1050	470.226	0 1.36181e+06 2.82788e+07 	2.96407e+07	20.9666	6.5039	12399	666.612	3.06862	0	1.02	1.02
19.4	0.00134365	5.6534e-05	540.263	1050	105	50.5366	38.4727	38.4727	153.891	153.891	0 3042.55 3924.64 	6967.19	0.00140019	1.2109e-05	463.922	1050	463.922	0 1.36163e+06 2.85788e+07 	2.99404e+07	21.4145	6.5039	12399	666.612	3.0596	0	1.02	1.02
19.6	0.00133415	5.68499e-05	539.583	1050	105	50.5365	38.4046	38.4046	153.618	153.618	0 3015.57 3928.17 	6943.74	0.001391	1.20245e-05	457.663	1050	457.663	0 1.36144e+06 2.88766e+07 	3.0238e+07	21.8753	6.5039	12399	666.612	3.04978	0	1.02	1.02
19.8	0.00132465	5.71702e-05	538.904	1050	105	50.5365	38.3367	38.3367	153.347	153.347	0 2988.7 3931.69 	6920.39	0.00138182	1.19401e-05	451.449	1050	451.449	0 1.36125e+06 2.91723e+07 	3.05335e+07	22.3492	6.5039	12399	666.612	3.03918	0	1.02	1.02
20	0.00131516	5.74949e-05	538.226	1050	105	50.5365	38.2689	38.2689	153.076	153.076	0 2961.94 3935.2 	6897.14	0.00137265	1.18557e-05	445.281	1050	445.281	0 1.36106e+06 2.94657e+07 	3.08268e+07	22.8369	6.5039	12399	666.612	3.02782	0	1.02	1.02
20.2	0.00130567	5.7824e-05	537.549	1050	105	50.5364	38.2013	38.2013	152.805	152.805	0 2935.3 3938.69 	6873.99	0.00136349	1.17713e-05	439.16	1050	439.16	0 1.36087e+06 2.9757e+07 	3.11178e+07	23.3386	6.5039	12399	666.612	3.01572	0	1.02	1.02
20.4	0.00129618	5.81575e-05	536.874	1050	105	50.5364	38.1338	38.1338	152.535	152.535	0 2908.78 3942.18 	6850.96	0.00135434	1.1687e-05	433.086	1050	433.086	0 1.36067e+06 3.0046e+07 	3.14066e+07	23.8548	6.5039	12399	666.612	3.0029	0	1.02	1.02
20.6	0.0012867	5.84955e-05	536.2	1050	105	50.5364	38.0664	38.0664	152.265	152.265	0 2882.38 3945.65 	6828.03	0.00134519	1.16027e-05	427.061	1050	427.061	0 1.36047e+06 3.03326e+07 	3.16931e+07	24.386	6.5039	12399	666.612	2.98938	0	1.02	1.02
20.8	0.00127722	5.8838e-05	535.528	1050	105	50.5364	37.9991	37.9991	151.996	151.996	0 2856.11 3949.1 	6805.21	0.00133606	1.15185e-05	421.083	1050	421.083	0 1.36026e+06 3.0617e+07 	3.19773e+07	24.9327	6.5039	12399	666.612	2.97518	0	1.02	1.02
21	0.00126776	5.91851e-05	534.856	1050	105	50.5364	37.932	37.932	151.728	151.728	0 2829.97 3952.54 	6782.52	0.00132695	1.14344e-05	415.156	1050	415.156	0 1.36005e+06 3.0899e+07 	3.22591e+07	25.4952	6.5039	12399	666.612	2.96032	0	1.02	1.02
21.2	0.00125831	5.95368e-05	534.187	1050	105	50.5363	37.865	37.865	151.46	151.46	0 2803.97 3955.98 	6759.94	0.00131784	1.13504e-05	409.277	1050	409.277	0 1.35984e+06 3.11787e+07 	3.25385e+07	26.0743	6.5039	12399	666.612	2.94483	0	1.02	1.02
21.4	0.00124886	5.98932e-05	533.518	1050	105	50.5363	37.7982	37.7982	151.193	151.193	0 2778.1 3959.4 	6737.5	0.00130875	1.12665e-05	403.45	1050	403.45	0 1.35962e+06 3.14559e+07 	3.28155e+07	26.6703	6.5039	12399	666.612	2.92872	0	1.02	1.02
21.6	0.00123943	6.02542e-05	532.851	1050	105	50.5363	37.7315	37.7315	150.926	150.926	0 2752.38 3962.8 	6715.18	0.00129968	1.11827e-05	397.673	1050	397.673	0 1.3594e+06 3.17307e+07 	3.30901e+07	27.2838	6.5039	12399	666.612	2.91201	0	1.02	1.02
21.8	0.00123001	6.06199e-05	532.185	1050	105	50.5363	37.6649	37.6649	150.66	150.66	0 2726.8 3966.19 	6692.99	0.00129063	1.10991e-05	391.947	1050	391.947	0 1.35918e+06 3.20031e+07 	3.33622e+07	27.9154	6.5039	12399	666.612	2.89473	0	1.02	1.02
22	0.00122061	6.09904e-05	531.521	1050	105	50.5363	37.5985	37.5985	150.394	150.394	0 2701.36 3969.56 	6670.92	0.0012816	1.10155e-05	386.273	1050	386.273	0 1.35895e+06 3.2273e+07 	3.36319e+07	28.5656	6.5039	12399	666.612	2.8769	0	1.02	1.02
22.2	0.00121122	6.13656e-05	530.858	1050	105	50.5363	37.5322	37.5322	150.129	150.129	0 2676.07 3972.92 	6648.99	0.00127258	1.09321e-05	380.652	1050	380.652	0 1.35871e+06 3.25404e+07 	3.38991e+07	29.2351	6.5039	12399	666.612	2.85853	0	1.02	1.02
22.4	0.00120184	6.17457e-05	530.196	1050	105	50.5363	37.466	37.466	149.864	149.864	0 2650.92 3976.26 	6627.19	0.00126359	1.08489e-05	375.083	1050	375.083	0 1.35848e+06 3.28052e+07 	3.41637e+07	29.9245	6.5039	12399	666.612	2.83965	0	1.02	1.02
22.6	0.00119249	6.21307e-05	529.536	1050	105	50.5363	37.3999	37.3999	149.6	149.6	0 2625.93 3979.59 	6605.52	0.00125462	1.07658e-05	369.567	1050	369.567	0 1.35824e+06 3.30676e+07 	3.44258e+07	30.6344	6.5039	12399	666.612	2.82028	0	1.02	1.02
22.8	0.00118315	6.25205e-05	528.876	1050	105	50.5363	37.334	37.334	149.336	149.336	0 2601.1 3982.89 	6583.99	0.00124567	1.06829e-05	364.104	1050	364.104	0 1.35799e+06 3.33274e+07 	3.46854e+07	31.3655	6.5039	12399	666.612	2.80044	0	1.02	1.02
23	0.00117383	6.29153e-05	528.219	1050	105	50.5363	37.2682	37.2682	149.073	149.073	0 2576.42 3986.18 	6562.59	0.00123675	1.06001e-05	358.695	1050	358.695	0 1.35774e+06 3.35847e+07 	3.49424e+07	32.1185	6.5039	12399	666.612	2.78014	0	1.02	1.02
23.2	0.00116453	6.33151e-05	527.562	1050	105	50.5363	37.2026	37.2026	148.81	148.81	0 2551.89 3989.44 	6541.33	0.00122785	1.05176e-05	353.339	1050	353.339	0 1.35748e+06 3.38394e+07 	3.51968e+07	32.894	6.5039	12399	666.612	2.75941	0	1.02	1.02
23.4	0.00115525	6.37199e-05	526.907	1050	105	50.5363	37.1371	37.1371	148.548	148.548	0 2527.53 3992.69 	6520.22	0.00121897	1.04352e-05	348.038	1050	348.038	0 1.35722e+06 3.40915e+07 	3.54487e+07	33.6929	6.5039	12399	666.612	2.73828	0	1.02	1.02
23.6	0.001146	6.41298e-05	526.253	1050	105	50.5363	37.0717	37.0717	148.287	148.287	0 2503.32 3995.92 	6499.24	0.00121013	1.03531e-05	342.791	1050	342.791	0 1.35696e+06 3.4341e+07 	3.56979e+07	34.5159	6.5039	12399	666.612	2.71675	0	1.02	1.02
23.8	0.00113676	6.45448e-05	525.6	1050	105	50.5363	37.0064	37.0064	148.026	148.026	0 2479.28 3999.12 	6478.4	0.00120131	1.02711e-05	337.599	1050	337.599	0 1.35669e+06 3.45879e+07 	3.59446e+07	35.3638	6.5039	12399	666.612	2.69485	0	1.02	1.02
24	0.00112756	6.49649e-05	524.949	1050	105	50.5363	36.9413	36.9413	147.765	147.765	0 2455.4 4002.32 	6457.72	0.00119252	1.01894e-05	332.462	1050	332.462	0 1.35641e+06 3.48322e+07 	3.61886e+07	36.2374	6.5039	12399	666.612	2.6726	0	1.02	1.02
24.2	0.00111837	6.53902e-05	524.299	1050	105	50.5363	36.8763	36.8763	147.505	147.505	0 2431.7 4005.49 	6437.19	0.00118376	1.01079e-05	327.379	1050	327.379	0 1.35613e+06 3.50738e+07 	3.643e+07	37.1376	6.5039	12399	666.612	2.65002	0	1.02	1.02
24.4	0.00110921	6.58207e-05	523.651	1050	105	50.5363	36.8114	36.8114	147.246	147.246	0 2408.16 4008.65 	6416.81	0.00117503	1.00266e-05	322.351	1050	322.351	0 1.35585e+06 3.53129e+07 	3.66687e+07	38.0652	6.5039	12399	666.612	2.62712	0	1.02	1.02
24.6	0.00110008	6.62565e-05	523.003	1050	105	50.5363	36.7467	36.7467	146.987	146.987	0 2384.79 4011.78 	6396.57	0.00116633	9.9456e-06	317.379	1050	317.379	0 1.35556e+06 3.55493e+07 	3.69049e+07	39.0211	6.5039	12399	666.612	2.60393	0	1.02	1.02
24.8	0.00109097	6.66977e-05	522.357	1050	105	50.5363	36.6821	36.6821	146.728	146.728	0 2361.59 4014.89 	6376.48	0.00115767	9.86483e-06	312.462	1050	312.462	0 1.35526e+06 3.57831e+07 	3.71383e+07	40.0064	6.5039	12399	666.612	2.58046	0	1.02	1.02
25	0.00108189	6.71442e-05	521.712	1050	105	50.5363	36.6176	36.6176	146.47	146.47	0 2338.55 4017.97 	6356.52	0.00114904	9.78431e-06	307.6	1050	307.6	0 1.35496e+06 3.60142e+07 	3.73692e+07	41.022	6.5039	12399	666.612	2.55673	0	1.02	1.02
25.2	0.00107284	6.7596e-05	521.069	1050	105	50.5363	36.5532	36.5532	146.213	146.213	0 2315.69 4021.03 	6336.72	0.00114044	9.70405e-06	302.793	1050	302.793	0 1.35466e+06 3.62427e+07 	3.75974e+07	42.0688	6.5039	12399	666.612	2.53276	0	1.02	1.02
25.4	0.00106382	6.80534e-05	520.427	1050	105	50.5363	36.489	36.489	145.956	145.956	0 2292.99 4024.06 	6317.05	0.00113188	9.62406e-06	298.041	1050	298.041	0 1.35434e+06 3.64686e+07 	3.78229e+07	43.148	6.5039	12399	666.612	2.50857	0	1.02	1.02
25.6	0.00105483	6.85162e-05	519.786	1050	105	50.5363	36.4249	36.4249	145.7	145.7	0 2270.46 4027.07 	6297.53	0.00112335	9.54435e-06	293.345	1050	293.345	0 1.35403e+06 3.66918e+07 	3.80458e+07	44.2607	6.5039	12399	666.612	2.48417	0	1.02	1.02
25.8	0.00104587	6.89845e-05	519.146	1050	105	50.5363	36.361	36.361	145.444	145.444	0 2248.11 4030.06 	6278.17	0.00111486	9.46492e-06	288.704	1050	288.704	0 1.3537e+06 3.69124e+07 	3.82661e+07	45.4079	6.5039	12399	666.612	2.45959	0	1.02	1.02
26	0.00103695	6.94584e-05	518.508	1050	105	50.5363	36.2971	36.2971	145.189	145.189	0 2225.93 4033.03 	6258.96	0.00110641	9.38578e-06	284.118	1050	284.118	0 1.35338e+06 3.71303e+07 	3.84837e+07	46.5909	6.5039	12399	666.612	2.43483	0	1.02	1.02
26.2	0.00102805	6.9938e-05	517.87	1050	105	50.5363	36.2334	36.2334	144.934	144.934	0 2203.93 4035.97 	6239.9	0.00109799	9.30693e-06	279.587	1050	279.587	0 1.35304e+06 3.73457e+07 	3.86987e+07	47.8108	6.5039	12399	666.612	2.40991	0	1.02	1.02
26.4	0.00101919	7.04232e-05	517.235	1050	105	50.5363	36.1698	36.1698	144.679	144.679	0 2182.1 4038.88 	6220.98	0.00108961	9.22838e-06	275.111	1050	275.111	0 1.3527e+06 3.75584e+07 	3.89111e+07	49.069	6.5039	12399	666.612	2.38486	0	1.02	1.02
26.6	0.00101036	7.09141e-05	516.6	1050	105	50.5363	36.1064	36.1064	144.426	144.426	0 2160.44 4041.77 	6202.2	0.00108127	9.15014e-06	270.691	1050	270.691	0 1.35235e+06 3.77684e+07 	3.91208e+07	50.3667	6.5039	12399	666.612	2.35968	0	1.02	1.02
26.8	0.00100156	7.14108e-05	515.967	1050	105	50.5363	36.043	36.043	144.172	144.172	0 2138.94 4044.62 	6183.56	0.00107297	9.07222e-06	266.324	1050	266.324	0 1.352e+06 3.79759e+07 	3.93279e+07	51.7053	6.5039	12399	666.612	2.33439	0	1.02	1.02
27	0.000992803	7.19133e-05	515.335	1050	105	50.5363	35.9798	35.9798	143.919	143.919	0 2117.62 4047.44 	6165.06	0.00106472	8.99461e-06	262.013	1050	262.013	0 1.35164e+06 3.81807e+07 	3.95324e+07	53.0862	6.5039	12399	666.612	2.309	0	1.02	1.02
27.2	0.000984077	7.24216e-05	514.704	1050	105	50.5363	35.9168	35.9168	143.667	143.667	0 2096.47 4050.23 	6146.7	0.0010565	8.91732e-06	257.756	1050	257.756	0 1.35127e+06 3.8383e+07 	3.97342e+07	54.5108	6.5039	12399	666.612	2.28354	0	1.02	1.02
27.4	0.000975387	7.29359e-05	514.074	1050	105	50.5363	35.8538	35.8538	143.415	143.415	0 2075.49 4053.01 	6128.5	0.00104832	8.84036e-06	253.553	1050	253.553	0 1.3509e+06 3.85826e+07 	3.99335e+07	55.9808	6.5039	12399	666.612	2.25801	0	1.02	1.02
27.6	0.000966734	7.3456e-05	513.446	1050	105	50.5363	35.791	35.791	143.164	143.164	0 2054.69 4055.75 	6110.44	0.00104019	8.76373e-06	249.404	1050	249.404	0 1.35052e+06 3.87797e+07 	4.01302e+07	57.4976	6.5039	12399	666.612	2.23243	0	1.02	1.02
27.8	0.000958117	7.39822e-05	512.819	1050	105	50.5363	35.7283	35.7283	142.913	142.913	0 2034.06 4058.46 	6092.51	0.0010321	8.68744e-06	245.309	1050	245.309	0 1.35013e+06 3.89742e+07 	4.03243e+07	59.0629	6.5039	12399	666.612	2.2068	0	1.02	1.02
28	0.000949538	7.45145e-05	512.193	1050	105	50.5363	35.6657	35.6657	142.663	142.663	0 2013.59 4061.13 	6074.72	0.00102405	8.61149e-06	241.268	1050	241.268	0 1.34974e+06 3.91661e+07 	4.05159e+07	60.6784	6.5039	12399	666.612	2.18116	0	1.02	1.02
28.2	0.000940996	7.50528e-05	511.569	1050	105	50.5363	35.6033	35.6033	142.413	142.413	0 1993.28 4063.77 	6057.05	0.00101605	8.53589e-06	237.279	1050	237.279	0 1.34934e+06 3.93555e+07 	4.07049e+07	62.3458	6.5039	12399	666.612	2.1555	0	1.02	1.02
28.4	0.000932492	7.55973e-05	510.946	1050	105	50.5363	35.5409	35.5409	142.164	142.164	0 1973.14 4066.37 	6039.51	0.00100809	8.46064e-06	233.344	1050	233.344	0 1.34893e+06 3.95424e+07 	4.08913e+07	64.067	6.5039	12399	666.612	2.12983	0	1.02	1.02
28.6	0.000924028	7.6148e-05	510.324	1050	105	50.5363	35.4787	35.4787	141.915	141.915	0 1953.18 4068.95 	6022.13	0.00100018	8.38574e-06	229.462	1050	229.462	0 1.34851e+06 3.97267e+07 	4.10752e+07	65.8439	6.5039	12399	666.612	2.10418	0	1.02	1.02
28.8	0.000915602	7.67049e-05	509.703	1050	105	50.5363	35.4167	35.4167	141.667	141.667	0 1933.38 4071.5 	6004.88	0.000992307	8.3112e-06	225.632	1050	225.632	0 1.34809e+06 3.99085e+07 	4.12566e+07	67.6785	6.5039	12399	666.612	2.07856	0	1.02	1.02
29	0.000907215	7.72681e-05	509.083	1050	105	50.5363	35.3547	35.3547	141.419	141.419	0 1913.74 4074 	5987.74	0.000984484	8.23702e-06	221.854	1050	221.854	0 1.34766e+06 4.00879e+07 	4.14355e+07	69.5727	6.5039	12399	666.612	2.05296	0	1.02	1.02
29.2	0.000898869	7.78377e-05	508.465	1050	105	50.5363	35.2929	35.2929	141.172	141.172	0 1894.26 4076.47 	5970.73	0.000976707	8.16321e-06	218.129	1050	218.129	0 1.34722e+06 4.02647e+07 	4.16119e+07	71.5288	6.5039	12399	666.612	2.02741	0	1.02	1.02
29.4	0.000890563	7.84137e-05	507.848	1050	105	50.5363	35.2312	35.2312	140.925	140.925	0 1874.93 4078.89 	5953.82	0.000968976	8.08977e-06	214.454	1050	214.454	0 1.34677e+06 4.04391e+07 	4.17859e+07	73.549	6.5039	12399	666.612	2.00191	0	1.02	1.02
29.6	0.000882297	7.89962e-05	507.232	1050	105	50.5363	35.1696	35.1696	140.678	140.678	0 1855.78 4081.29 	5937.06	0.000961293	8.0167e-06	210.831	1050	210.831	0 1.34631e+06 4.0611e+07 	4.19574e+07	75.6356	6.5039	12399	666.612	1.97648	0	1.02	1.02
29.8	0.000874072	7.95851e-05	506.618	1050	105	50.5363	35.1081	35.1081	140.433	140.433	0 1836.78 4083.65 	5920.43	0.000953657	7.944e-06	207.259	1050	207.259	0 1.34585e+06 4.07805e+07 	4.21264e+07	77.7909	6.5039	12399	666.612	1.95113	0	1.02	1.02
30	0.000865888	8.01807e-05	506.004	1050	105	50.5363	35.0468	35.0468	140.187	140.187	0 1817.94 4085.96 	5903.9	0.000946069	7.87169e-06	203.737	1050	203.737	0 1.34538e+06 4.09476e+07 	4.2293e+07	80.0174	6.5039	12399	666.612	1.92585	0	1.02	1.02
30.2	0.000857746	8.07829e-05	505.392	1050	105	50.5363	34.9856	34.9856	139.942	139.942	0 1799.25 4088.23 	5887.48	0.000938529	7.79975e-06	200.265	1050	200.265	0 1.34489e+06 4.11123e+07 	4.24572e+07	82.3178	6.5039	12399	666.612	1.90067	0	1.02	1.02
30.4	0.000849646	8.13917e-05	504.781	1050	105	50.5363	34.9245	34.9245	139.698	139.698	0 1780.7 4090.45 	5871.16	0.000931037	7.7282e-06	196.843	1050	196.843	0 1.3444e+06 4.12746e+07 	4.2619e+07	84.6948	6.5039	12399	666.612	1.87559	0	1.02	1.02
30.6	0.000841587	8.20073e-05	504.172	1050	105	50.5363	34.8635	34.8635	139.454	139.454	0 1762.32 4092.65 	5854.97	0.000923595	7.65703e-06	193.47	1050	193.47	0 1.3439e+06 4.14346e+07 	4.27785e+07	87.1511	6.5039	12399	666.612	1.85062	0	1.02	1.02
30.8	0.000833571	8.26297e-05	503.563	1050	105	50.5363	34.8027	34.8027	139.211	139.211	0 1744.09 4094.8 	5838.89	0.000916201	7.58626e-06	190.147	1050	190.147	0 1.34339e+06 4.15922e+07 	4.29356e+07	89.6897	6.5039	12399	666.612	1.82577	0	1.02	1.02
31	0.000825597	8.32589e-05	502.956	1050	105	50.5363	34.742	34.742	138.968	138.968	0 1726 4096.9 	5822.9	0.000908856	7.51587e-06	186.871	1050	186.871	0 1.34287e+06 4.17475e+07 	4.30904e+07	92.3136	6.5039	12399	666.612	1.80105	0	1.02	1.02
31.2	0.000817666	8.38951e-05	502.35	1050	105	50.5363	34.6814	34.6814	138.725	138.725	0 1708.05 4098.95 	5807	0.000901561	7.44588e-06	183.644	1050	183.644	0 1.34234e+06 4.19005e+07 	4.32428e+07	95.0259	6.5039	12399	666.612	1.77646	0	1.02	1.02
31.4	0.000809778	8.45382e-05	501.745	1050	105	50.5363	34.6209	34.6209	138.484	138.484	0 1690.24 4100.95 	5791.19	0.000894316	7.37628e-06	180.465	1050	180.465	0 1.34181e+06 4.20512e+07 	4.3393e+07	97.8301	6.5039	12399	666.612	1.752	0	1.02	1.02
31.6	0.000801933	8.51884e-05	501.142	1050	105	50.5363	34.5605	34.5605	138.242	138.242	0 1672.58 4102.92 	5775.51	0.000887121	7.30708e-06	177.332	1050	177.332	0 1.34126e+06 4.21996e+07 	4.35409e+07	100.729	6.5039	12399	666.612	1.72769	0	1.02	1.02
31.8	0.000794131	8.58456e-05	500.539	1050	105	50.5363	34.5003	34.5003	138.001	138.001	0 1655.06 4104.84 	5759.9	0.000879977	7.23828e-06	174.247	1050	174.247	0 1.3407e+06 4.23458e+07 	4.36865e+07	103.728	6.5039	12399	666.612	1.70354	0	1.02	1.02
32	0.000786372	8.651e-05	499.938	1050	105	50.5363	34.4402	34.4402	137.761	137.761	0 1637.67 4106.7 	5744.36	0.000872882	7.16988e-06	171.208	1050	171.208	0 1.34013e+06 4.24898e+07 	4.38299e+07	106.828	6.5039	12399	666.612	1.67955	0	1.02	1.02
32.2	0.000778657	8.71817e-05	499.338	1050	105	50.5363	34.3802	34.3802	137.521	137.521	0 1620.41 4108.5 	5728.91	0.000865839	7.10189e-06	168.215	1050	168.215	0 1.33954e+06 4.26316e+07 	4.39711e+07	110.035	6.5039	12399	666.612	1.65571	0	1.02	1.02
32.4	0.000770986	8.78606e-05	498.739	1050	105	50.5363	34.3203	34.3203	137.281	137.281	0 1603.29 4110.27 	5713.56	0.000858846	7.03429e-06	165.267	1050	165.267	0 1.33895e+06 4.27712e+07 	4.41101e+07	113.353	6.5039	12399	666.612	1.63205	0	1.02	1.02
32.6	0.000763358	8.85468e-05	498.142	1050	105	50.5363	34.2605	34.2605	137.042	137.042	0 1586.29 4111.98 	5698.27	0.000851905	6.9671e-06	162.365	1050	162.365	0 1.33835e+06 4.29086e+07 	4.4247e+07	116.785	6.5039	12399	666.612	1.60857	0	1.02	1.02
32.8	0.000755774	8.92405e-05	497.545	1050	105	50.5363	34.2009	34.2009	136.804	136.804	0 1569.41 4113.63 	5683.04	0.000845014	6.90032e-06	159.507	1050	159.507	0 1.33773e+06 4.30439e+07 	4.43816e+07	120.336	6.5039	12399	666.612	1.58526	0	1.02	1.02
33	0.000748233	8.99417e-05	496.95	1050	105	50.5363	34.1414	34.1414	136.565	136.565	0 1552.66 4115.22 	5667.88	0.000838175	6.83394e-06	156.693	1050	156.693	0 1.3371e+06 4.31771e+07 	4.45142e+07	124.011	6.5039	12399	666.612	1.56214	0	1.02	1.02
33.2	0.000740737	9.06504e-05	496.356	1050	105	50.5363	34.082	34.082	136.328	136.328	0 1536.04 4116.77 	5652.81	0.000831388	6.76797e-06	153.923	1050	153.923	0 1.33646e+06 4.33082e+07 	4.46446e+07	127.814	6.5039	12399	666.612	1.53921	0	1.02	1.02
33.4	0.000733285	9.13667e-05	495.763	1050	105	50.5363	34.0227	34.0227	136.091	136.091	0 1519.52 4118.25 	5637.78	0.000824651	6.70242e-06	151.196	1050	151.196	0 1.33581e+06 4.34372e+07 	4.4773e+07	131.751	6.5039	12399	666.612	1.51647	0	1.02	1.02
33.6	0.000725876	9.20907e-05	495.171	1050	105	50.5363	33.9635	33.9635	135.854	135.854	0 1503.12 4119.67 	5622.79	0.000817967	6.63726e-06	148.511	1050	148.511	0 1.33514e+06 4.35642e+07 	4.48993e+07	135.826	6.5039	12399	666.612	1.49392	0	1.02	1.02
33.8	0.000718512	9.28224e-05	494.581	1050	105	50.5363	33.9045	33.9045	135.618	135.618	0 1486.84 4121.04 	5607.88	0.000811334	6.57252e-06	145.869	1050	145.869	0 1.33447e+06 4.36891e+07 	4.50236e+07	140.045	6.5039	12399	666.612	1.47158	0	1.02	1.02
34	0.000711191	9.3562e-05	493.992	1050	105	50.5363	33.8455	33.8455	135.382	135.382	0 1470.66 4122.34 	5593.01	0.000804753	6.5082e-06	143.269	1050	143.269	0 1.33377e+06 4.3812e+07 	4.51458e+07	144.414	6.5039	12399	666.612	1.44944	0	1.02	1.02
34.2	0.000703915	9.43095e-05	493.403	1050	105	50.5363	33.7867	33.7867	135.147	135.147	0 1454.59 4123.58 	5578.16	0.000798224	6.44428e-06	140.71	1050	140.71	0 1.33307e+06 4.3933e+07 	4.52661e+07	148.939	6.5039	12399	666.612	1.42751	0	1.02	1.02
34.4	0.000696682	9.50649e-05	492.816	1050	105	50.5363	33.728	33.728	134.912	134.912	0 1438.61 4124.75 	5563.36	0.000791747	6.38077e-06	138.192	1050	138.192	0 1.33235e+06 4.4052e+07 	4.53843e+07	153.626	6.5039	12399	666.612	1.40578	0	1.02	1.02
34.6	0.000689494	9.58284e-05	492.231	1050	105	50.5363	33.6694	33.6694	134.678	134.678	0 1422.75 4125.86 	5548.61	0.000785322	6.31767e-06	135.714	1050	135.714	0 1.33161e+06 4.4169e+07 	4.55006e+07	158.482	6.5039	12399	666.612	1.38427	0	1.02	1.02
34.8	0.000682349	9.66e-05	491.646	1050	105	50.5363	33.611	33.611	134.444	134.444	0 1406.97 4126.9 	5533.87	0.000778949	6.25499e-06	133.276	1050	133.276	0 1.33086e+06 4.42842e+07 	4.5615e+07	163.512	6.5039	12399	666.612	1.36297	0	1.02	1.02
35	0.000675248	9.73798e-05	491.063	1050	105	50.5363	33.5526	33.5526	134.211	134.211	0 1391.28 4127.86 	5519.14	0.000772628	6.19272e-06	130.877	1050	130.877	0 1.3301e+06 4.43974e+07 	4.57275e+07	168.725	6.5039	12399	666.612	1.34189	0	1.02	1.02
35.2	0.000668191	9.81679e-05	490.48	1050	105	50.5363	33.4944	33.4944	133.978	133.978	0 1375.7 4128.77 	5504.47	0.000766359	6.13086e-06	128.518	1050	128.518	0 1.32931e+06 4.45088e+07 	4.58381e+07	174.128	6.5039	12399	666.612	1.32103	0	1.02	1.02
35.4	0.000661177	9.89644e-05	489.899	1050	105	50.5363	33.4363	33.4363	133.745	133.745	0 1360.19 4129.6 	5489.78	0.000760141	6.06941e-06	126.197	1050	126.197	0 1.32852e+06 4.46183e+07 	4.59468e+07	179.728	6.5039	12399	666.612	1.30039	0	1.02	1.02
35.6	0.000654207	9.97692e-05	489.319	1050	105	50.5363	33.3783	33.3783	133.513	133.513	0 1344.76 4130.34 	5475.09	0.000753976	6.00838e-06	123.913	1050	123.913	0 1.3277e+06 4.4726e+07 	4.60537e+07	185.534	6.5039	12399	666.612	1.27997	0	1.02	1.02
35.8	0.00064728	0.000100583	488.741	1050	105	50.5363	33.3204	33.3204	133.282	133.282	0 1329.42 4131.03 	5460.44	0.000747863	5.94775e-06	121.668	1050	121.668	0 1.32687e+06 4.48319e+07 	4.61588e+07	191.555	6.5039	12399	666.612	1.25978	0	1.02	1.02
36	0.000640397	0.000101405	488.163	1050	105	50.5363	33.2627	33.2627	133.051	133.051	0 1314.14 4131.63 	5445.77	0.000741802	5.88754e-06	119.459	1050	119.459	0 1.32602e+06 4.4936e+07 	4.6262e+07	197.798	6.5039	12399	666.612	1.23981	0	1.02	1.02
36.2	0.000633557	0.000102235	487.586	1050	105	50.5363	33.205	33.205	132.82	132.82	0 1298.94 4132.14 	5431.08	0.000735792	5.82774e-06	117.286	1050	117.286	0 1.32516e+06 4.50383e+07 	4.63635e+07	204.274	6.5039	12399	666.612	1.22006	0	1.02	1.02
36.4	0.00062676	0.000103075	487.011	1050	105	50.5363	33.1475	33.1475	132.59	132.59	0 1283.81 4132.59 	5416.4	0.000729834	5.76835e-06	115.15	1050	115.15	0 1.32427e+06 4.5139e+07 	4.64632e+07	210.993	6.5039	12399	666.612	1.20054	0	1.02	1.02
36.6	0.000620005	0.000103923	486.437	1050	105	50.5363	33.0901	33.0901	132.36	132.36	0 1268.75 4132.94 	5401.69	0.000723928	5.70937e-06	113.05	1050	113.05	0 1.32337e+06 4.52379e+07 	4.65612e+07	217.964	6.5039	12399	666.612	1.18125	0	1.02	1.02
36.8	0.000613294	0.00010478	485.864	1050	105	50.5363	33.0328	33.0328	132.131	132.131	0 1253.74 4133.21 	5386.95	0.000718074	5.65079e-06	110.984	1050	110.984	0 1.32244e+06 4.53351e+07 	4.66575e+07	225.198	6.5039	12399	666.612	1.16219	0	1.02	1.02
37	0.000606625	0.000105647	485.292	1050	105	50.5363	32.9756	32.9756	131.902	131.902	0 1238.79 4133.41 	5372.2	0.000712271	5.59263e-06	108.953	1050	108.953	0 1.3215e+06 4.54306e+07 	4.67521e+07	232.707	6.5039	12399	666.612	1.14335	0	1.02	1.02
37.2	0.000599998	0.000106522	484.721	1050	105	50.5363	32.9185	32.9185	131.674	131.674	0 1223.89 4133.5 	5357.39	0.00070652	5.53488e-06	106.956	1050	106.956	0 1.32053e+06 4.55245e+07 	4.6845e+07	240.504	6.5039	12399	666.612	1.12474	0	1.02	1.02
37.4	0.000593413	0.000107407	484.152	1050	105	50.5363	32.8615	32.8615	131.446	131.446	0 1209.04 4133.51 	5342.55	0.00070082	5.47753e-06	104.993	1050	104.993	0 1.31955e+06 4.56167e+07 	4.69363e+07	248.599	6.5039	12399	666.612	1.10637	0	1.02	1.02
37.6	0.00058687	0.000108301	483.583	1050	105	50.5363	32.8047	32.8047	131.219	131.219	0 1194.23 4133.43 	5327.66	0.000695171	5.42059e-06	103.063	1050	103.063	0 1.31854e+06 4.57074e+07 	4.70259e+07	257.006	6.5039	12399	666.612	1.08822	0	1.02	1.02
37.8	0.000580369	0.000109205	483.016	1050	105	50.5363	32.748	32.748	130.992	130.992	0 1179.46 4133.23 	5312.7	0.000689574	5.36406e-06	101.166	1050	101.166	0 1.31751e+06 4.57965e+07 	4.7114e+07	265.74	6.5039	12399	666.612	1.07029	0	1.02	1.02
38	0.000573909	0.000110118	482.45	1050	105	50.5363	32.6913	32.6913	130.765	130.765	0 1164.74 4132.97 	5297.7	0.000684027	5.30793e-06	99.3017	1050	99.3017	0 1.31645e+06 4.5884e+07 	4.72004e+07	274.815	6.5039	12399	666.612	1.0526	0	1.02	1.02
38.2	0.000567491	0.00011104	481.885	1050	105	50.5363	32.6348	32.6348	130.539	130.539	0 1150.04 4132.59 	5282.62	0.000678531	5.25221e-06	97.4688	1050	97.4688	0 1.31537e+06 4.59699e+07 	4.72853e+07	284.245	6.5039	12399	666.612	1.03514	0	1.02	1.02
38.4	0.000561113	0.000111973	481.321	1050	105	50.5363	32.5784	32.5784	130.314	130.314	0 1135.36 4132.11 	5267.47	0.000673086	5.19689e-06	95.6674	1050	95.6674	0 1.31427e+06 4.60544e+07 	4.73687e+07	294.048	6.5039	12399	666.612	1.0179	0	1.02	1.02
38.6	0.000554776	0.000112915	480.758	1050	105	50.5363	32.5222	32.5222	130.089	130.089	0 1120.71 4131.53 	5252.24	0.000667692	5.14197e-06	93.8969	1050	93.8969	0 1.31314e+06 4.61373e+07 	4.74505e+07	304.24	6.5039	12399	666.612	1.00089	0	1.02	1.02
38.8	0.00054848	0.000113868	480.196	1050	105	50.5363	32.466	32.466	129.864	129.864	0 1106.07 4130.83 	5236.9	0.000662347	5.08746e-06	92.1569	1050	92.1569	0 1.31198e+06 4.62188e+07 	4.75308e+07	314.839	6.5039	12399	666.612	0.984103	0	1.02	1.02
39	0.000542223	0.00011483	479.636	1050	105	50.5363	32.4099	32.4099	129.64	129.64	0 1091.46 4130.04 	5221.5	0.000657053	5.03335e-06	90.447	1050	90.447	0 1.31079e+06 4.62988e+07 	4.76096e+07	325.864	6.5039	12399	666.612	0.967543	0	1.02	1.02
39.2	0.000536006	0.000115803	479.076	1050	105	50.5363	32.354	32.354	129.416	129.416	0 1076.84 4129.13 	5205.97	0.000651809	4.97963e-06	88.7667	1050	88.7667	0 1.30958e+06 4.63774e+07 	4.7687e+07	337.334	6.5039	12399	666.612	0.951208	0	1.02	1.02
39.4	0.000529829	0.000116786	478.518	1050	105	50.5363	32.2982	32.2982	129.193	129.193	0 1062.23 4128.1 	5190.33	0.000646615	4.92632e-06	87.1156	1050	87.1156	0 1.30834e+06 4.64545e+07 	4.77629e+07	349.271	6.5039	12399	666.612	0.935096	0	1.02	1.02
39.6	0.000523691	0.000117779	477.961	1050	105	50.5363	32.2424	32.2424	128.97	128.97	0 1047.62 4126.96 	5174.59	0.00064147	4.87341e-06	85.4933	1050	85.4933	0 1.30706e+06 4.65303e+07 	4.78374e+07	361.697	6.5039	12399	666.612	0.919206	0	1.02	1.02
39.8	0.000517591	0.000118784	477.405	1050	105	50.5363	32.1868	32.1868	128.747	128.747	0 1033 4125.69 	5158.69	0.000636375	4.82089e-06	83.8993	1050	83.8993	0 1.30576e+06 4.66047e+07 	4.79104e+07	374.636	6.5039	12399	666.612	0.903538	0	1.02	1.02
40	0.00051153	0.000119799	476.85	1050	105	50.5363	32.1313	32.1313	128.525	128.525	0 1018.37 4124.32 	5142.68	0.000631329	4.76877e-06	82.3332	1050	82.3332	0 1.30442e+06 4.66777e+07 	4.79821e+07	388.112	6.5039	12399	666.612	0.888089	0	1.02	1.02
40.2	0.000505507	0.000120825	476.296	1050	105	50.5363	32.0759	32.0759	128.304	128.304	0 1003.71 4122.8 	5126.51	0.000626331	4.71704e-06	80.7946	1050	80.7946	0 1.30304e+06 4.67494e+07 	4.80524e+07	402.151	6.5039	12399	666.612	0.872859	0	1.02	1.02
40.4	0.000499521	0.000121862	475.743	1050	105	50.5363	32.0207	32.0207	128.083	128.083	0 989.035 4121.17 	5110.2	0.000621383	4.66571e-06	79.2831	1050	79.2831	0 1.30163e+06 4.68197e+07 	4.81214e+07	416.782	6.5039	12399	666.612	0.857846	0	1.02	1.02
40.6	0.000493573	0.00012291	475.191	1050	105	50.5363	31.9655	31.9655	127.862	127.862	0 974.324 4119.39 	5093.71	0.000616483	4.61477e-06	77.7982	1050	77.7982	0 1.30018e+06 4.68888e+07 	4.8189e+07	432.033	6.5039	12399	666.612	0.843049	0	1.02	1.02
40.8	0.000487661	0.00012397	474.641	1050	105	50.5363	31.9104	31.9104	127.642	127.642	0 959.581 4117.48 	5077.06	0.000611631	4.56422e-06	76.3396	1050	76.3396	0 1.2987e+06 4.69566e+07 	4.82553e+07	447.937	6.5039	12399	666.612	0.828467	0	1.02	1.02
41	0.000481785	0.000125041	474.091	1050	105	50.5363	31.8555	31.8555	127.422	127.422	0 944.793 4115.43 	5060.22	0.000606826	4.51407e-06	74.9068	1050	74.9068	0 1.29717e+06 4.70231e+07 	4.83203e+07	464.526	6.5039	12399	666.612	0.814097	0	1.02	1.02
41.2	0.000475946	0.000126124	473.543	1050	105	50.5363	31.8007	31.8007	127.203	127.203	0 929.955 4113.24 	5043.19	0.00060207	4.46431e-06	73.4994	1050	73.4994	0 1.2956e+06 4.70884e+07 	4.8384e+07	481.835	6.5039	12399	666.612	0.799938	0	1.02	1.02
41.4	0.000470141	0.000127219	472.996	1050	105	50.5363	31.7459	31.7459	126.984	126.984	0 915.062 4110.9 	5025.96	0.00059736	4.41493e-06	72.1171	1050	72.1171	0 1.29399e+06 4.71524e+07 	4.84464e+07	499.903	6.5039	12399	666.612	0.785989	0	1.02	1.02
41.6	0.000464371	0.000128326	472.45	1050	105	50.5363	31.6913	31.6913	126.765	126.765	0 900.103 4108.4 	5008.51	0.000592698	4.36595e-06	70.7595	1050	70.7595	0 1.29233e+06 4.72153e+07 	4.85076e+07	518.769	6.5039	12399	666.612	0.772247	0	1.02	1.02
41.8	0.000458636	0.000129446	471.904	1050	105	50.5363	31.6368	31.6368	126.547	126.547	0 885.077 4105.76 	4990.84	0.000588082	4.31735e-06	69.4261	1050	69.4261	0 1.29062e+06 4.72769e+07 	4.85675e+07	538.475	6.5039	12399	666.612	0.758712	0	1.02	1.02
42	0.000452934	0.000130578	471.36	1050	105	50.5363	31.5824	31.5824	126.33	126.33	0 869.968 4102.95 	4972.92	0.000583512	4.26914e-06	68.1165	1050	68.1165	0 1.28886e+06 4.73374e+07 	4.86262e+07	559.068	6.5039	12399	666.612	0.745381	0	1.02	1.02
42.2	0.000447266	0.000131723	470.818	1050	105	50.5363	31.5281	31.5281	126.113	126.113	0 854.777 4099.98 	4954.76	0.000578988	4.22132e-06	66.8305	1050	66.8305	0 1.28705e+06 4.73967e+07 	4.86838e+07	580.596	6.5039	12399	666.612	0.732252	0	1.02	1.02
42.4	0.000441629	0.000132881	470.276	1050	105	50.5363	31.4739	31.4739	125.896	125.896	0 839.488 4096.84 	4936.33	0.00057451	4.17388e-06	65.5676	1050	65.5676	0 1.28518e+06 4.74549e+07 	4.87401e+07	603.11	6.5039	12399	666.612	0.719323	0	1.02	1.02
42.6	0.000436025	0.000134052	469.735	1050	105	50.5363	31.4199	31.4199	125.679	125.679	0 824.1 4093.53 	4917.63	0.000570077	4.12683e-06	64.3274	1050	64.3274	0 1.28326e+06 4.75119e+07 	4.87952e+07	626.666	6.5039	12399	666.612	0.706594	0	1.02	1.02
42.8	0.000430452	0.000135237	469.195	1050	105	50.5363	31.3659	31.3659	125.464	125.464	0 808.595 4090.03 	4898.63	0.000565689	4.08017e-06	63.1096	1050	63.1096	0 1.28127e+06 4.75679e+07 	4.88492e+07	651.324	6.5039	12399	666.612	0.694061	0	1.02	1.02
43	0.000424909	0.000136436	468.657	1050	105	50.5363	31.312	31.312	125.248	125.248	0 792.971 4086.36 	4879.33	0.000561345	4.03389e-06	61.9138	1050	61.9138	0 1.27922e+06 4.76228e+07 	4.8902e+07	677.148	6.5039	12399	666.612	0.681722	0	1.02	1.02
43.2	0.000419395	0.000137649	468.119	1050	105	50.5363	31.2583	31.2583	125.033	125.033	0 777.211 4082.49 	4859.7	0.000557045	3.98799e-06	60.7397	1050	60.7397	0 1.27711e+06 4.76765e+07 	4.89536e+07	704.206	6.5039	12399	666.612	0.669577	0	1.02	1.02
43.4	0.000413911	0.000138877	467.583	1050	105	50.5363	31.2047	31.2047	124.819	124.819	0 761.31 4078.42 	4839.73	0.000552788	3.94248e-06	59.5868	1050	59.5868	0 1.27492e+06 4.77293e+07 	4.90042e+07	732.572	6.5039	12399	666.612	0.657622	0	1.02	1.02
43.6	0.000408454	0.00014012	467.047	1050	105	50.5363	31.1511	31.1511	124.604	124.604	0 745.25 4074.15 	4819.4	0.000548574	3.89736e-06	58.455	1050	58.455	0 1.27265e+06 4.7781e+07 	4.90536e+07	762.327	6.5039	12399	666.612	0.645856	0	1.02	1.02
43.8	0.000403024	0.000141378	466.513	1050	105	50.5363	31.0977	31.0977	124.391	124.391	0 729.024 4069.68 	4798.7	0.000544402	3.85262e-06	57.3437	1050	57.3437	0 1.27031e+06 4.78316e+07 	4.91019e+07	793.556	6.5039	12399	666.612	0.634276	0	1.02	1.02
44	0.00039762	0.000142652	465.98	1050	105	50.5363	31.0444	31.0444	124.177	124.177	0 712.617 4064.98 	4777.6	0.000540272	3.80826e-06	56.2527	1050	56.2527	0 1.26788e+06 4.78812e+07 	4.91491e+07	826.352	6.5039	12399	666.612	0.622881	0	1.02	1.02
44.2	0.000392241	0.000143942	465.448	1050	105	50.5363	30.9912	30.9912	123.965	123.965	0 696.012 4060.06 	4756.07	0.000536183	3.76429e-06	55.1816	1050	55.1816	0 1.26537e+06 4.79299e+07 	4.91953e+07	860.817	6.5039	12399	666.612	0.611669	0	1.02	1.02
44.4	0.000386886	0.000145249	464.917	1050	105	50.5363	30.938	30.938	123.752	123.752	0 679.199 4054.91 	4734.1	0.000532135	3.72071e-06	54.1301	1050	54.1301	0 1.26275e+06 4.79776e+07 	4.92403e+07	897.06	6.5039	12399	666.612	0.600637	0	1.02	1.02
44.6	0.000381553	0.000146573	464.387	1050	105	50.5363	30.885	30.885	123.54	123.54	0 662.155 4049.5 	4711.66	0.000528126	3.67751e-06	53.0979	1050	53.0979	0 1.26004e+06 4.80242e+07 	4.92843e+07	935.201	6.5039	12399	666.612	0.589783	0	1.02	1.02
44.8	0.000376242	0.000147915	463.858	1050	105	50.5363	30.8321	30.8321	123.329	123.329	0 644.87 4043.86 	4688.73	0.000524157	3.6347e-06	52.0846	1050	52.0846	0 1.25722e+06 4.807e+07 	4.93272e+07	975.371	6.5039	12399	666.612	0.579106	0	1.02	1.02
45	0.00037095	0.000149276	463.33	1050	105	50.5363	30.7794	30.7794	123.117	123.117	0 627.315 4037.94 	4665.25	0.000520226	3.59228e-06	51.09	1050	51.09	0 1.25429e+06 4.81148e+07 	4.9369e+07	1017.71	6.5039	12399	666.612	0.568602	0	1.02	1.02
45.2	0.000365676	0.000150656	462.803	1050	105	50.5363	30.7267	30.7267	122.907	122.907	0 609.479 4031.76 	4641.24	0.000516332	3.55026e-06	50.1136	1050	50.1136	0 1.25123e+06 4.81586e+07 	4.94098e+07	1062.38	6.5039	12399	666.612	0.55827	0	1.02	1.02
45.4	0.000360419	0.000152056	462.277	1050	105	50.5363	30.6741	30.6741	122.696	122.696	0 591.33 4025.28 	4616.61	0.000512475	3.50862e-06	49.1552	1050	49.1552	0 1.24804e+06 4.82015e+07 	4.94496e+07	1109.55	6.5039	12399	666.612	0.548108	0	1.02	1.02
45.6	0.000355176	0.000153477	461.752	1050	105	50.5363	30.6216	30.6216	122.486	122.486	0 572.848 4018.51 	4591.36	0.000508654	3.46739e-06	48.2146	1050	48.2146	0 1.24471e+06 4.82436e+07 	4.94883e+07	1159.41	6.5039	12399	666.612	0.538114	0	1.02	1.02
45.8	0.000349946	0.00015492	461.229	1050	105	50.5363	30.5692	30.5692	122.277	122.277	0 554.005 4011.42 	4565.42	0.000504867	3.42655e-06	47.2913	1050	47.2913	0 1.24123e+06 4.82847e+07 	4.95259e+07	1212.18	6.5039	12399	666.612	0.528285	0	1.02	1.02
46	0.000344727	0.000156386	460.706	1050	105	50.5363	30.517	30.517	122.068	122.068	0 534.766 4004 	4538.76	0.000501113	3.38612e-06	46.3851	1050	46.3851	0 1.23759e+06 4.83249e+07 	4.95625e+07	1268.08	6.5039	12399	666.612	0.51862	0	1.02	1.02
46.2	0.000339515	0.000157877	460.184	1050	105	50.5363	30.4648	30.4648	121.859	121.859	0 515.101 3996.23 	4511.33	0.000497392	3.34609e-06	45.4957	1050	45.4957	0 1.23377e+06 4.83643e+07 	4.95981e+07	1327.37	6.5039	12399	666.612	0.509116	0	1.02	1.02
46.4	0.000334308	0.000159393	459.664	1050	105	50.5363	30.4128	30.4128	121.651	121.651	0 494.964 3988.09 	4483.05	0.000493701	3.30647e-06	44.6228	1050	44.6228	0 1.22977e+06 4.84028e+07 	4.96326e+07	1390.36	6.5039	12399	666.612	0.499771	0	1.02	1.02
46.6	0.000329104	0.000160936	459.144	1050	105	50.5363	30.3608	30.3608	121.443	121.443	0 474.321 3979.57 	4453.89	0.00049004	3.26728e-06	43.7662	1050	43.7662	0 1.22555e+06 4.84405e+07 	4.9666e+07	1457.37	6.5039	12399	666.612	0.490582	0	1.02	1.02
46.8	0.000323898	0.000162508	458.626	1050	105	50.5363	30.3089	30.3089	121.236	121.236	0 453.115 3970.63 	4423.74	0.000486406	3.2285e-06	42.9254	1050	42.9254	0 1.22112e+06 4.84773e+07 	4.96984e+07	1528.78	6.5039	12399	666.612	0.481549	0	1.02	1.02
47	0.000318688	0.00016411	458.108	1050	105	50.5363	30.2572	30.2572	121.029	121.029	0 431.296 3961.24 	4392.54	0.000482798	3.19016e-06	42.1004	1050	42.1004	0 1.21644e+06 4.85132e+07 	4.97296e+07	1605	6.5039	12399	666.612	0.472668	0	1.02	1.02
47.2	0.000313467	0.000165746	457.592	1050	105	50.5363	30.2056	30.2056	120.822	120.822	0 408.799 3951.39 	4360.19	0.000479214	3.15225e-06	41.2907	1050	41.2907	0 1.21149e+06 4.85483e+07 	4.97598e+07	1686.53	6.5039	12399	666.612	0.463938	0	1.02	1.02
47.4	0.000308233	0.000167417	457.076	1050	105	50.5363	30.154	30.154	120.616	120.616	0 385.552 3941.01 	4326.57	0.000475651	3.1148e-06	40.4961	1050	40.4961	0 1.20625e+06 4.85826e+07 	4.97889e+07	1773.91	6.5039	12399	666.612	0.455356	0	1.02	1.02
47.6	0.00030298	0.000169127	456.562	1050	105	50.5363	30.1026	30.1026	120.41	120.41	0 361.481 3930.11 	4291.59	0.000472107	3.0778e-06	39.7164	1050	39.7164	0 1.2007e+06 4.86161e+07 	4.98168e+07	1867.8	6.5039	12399	666.612	0.44692	0	1.02	1.02
47.8	0.0002977	0.000170879	456.049	1050	105	50.5363	30.0512	30.0512	120.205	120.205	0 336.486 3918.59 	4255.08	0.000468579	3.04128e-06	38.9513	1050	38.9513	0 1.19479e+06 4.86487e+07 	4.98435e+07	1968.95	6.5039	12399	666.612	0.438628	0	1.02	1.02
48	0.000292387	0.000172676	455.536	1050	105	50.5363	30	30	120	120	0 310.458 3906.43 	4216.89	0.000465063	3.00525e-06	38.2006	1050	38.2006	0 1.18849e+06 4.86806e+07 	4.98691e+07	2078.23	6.5039	12399	666.612	0.430478	0	1.02	1.02
48.2	0.000287034	0.000174524	455.025	1050	105	50.5363	29.9489	29.9489	119.796	119.796	0 283.271 3893.56 	4176.83	0.000461557	2.96972e-06	37.4639	1050	37.4639	0 1.18176e+06 4.87116e+07 	4.98933e+07	2196.7	6.5039	12399	666.612	0.422469	0	1.02	1.02
48.4	0.000281629	0.000176427	454.515	1050	105	50.5363	29.8979	29.8979	119.591	119.591	0 254.774 3879.89 	4134.67	0.000458056	2.93472e-06	36.741	1050	36.741	0 1.17455e+06 4.87418e+07 	4.99163e+07	2325.61	6.5039	12399	666.612	0.414596	0	1.02	1.02
48.6	0.000276163	0.000178392	454.006	1050	105	50.5363	29.8469	29.8469	119.388	119.388	0 224.797 3865.37 	4090.17	0.000454555	2.90028e-06	36.0317	1050	36.0317	0 1.1668e+06 4.87711e+07 	4.99379e+07	2466.46	6.5039	12399	666.612	0.40686	0	1.02	1.02
48.8	0.000270622	0.000180426	453.497	1050	105	50.5363	29.7961	29.7961	119.184	119.184	0 193.134 3849.87 	4043	0.000451048	2.86641e-06	35.3358	1050	35.3358	0 1.15845e+06 4.87997e+07 	4.99581e+07	2621.09	6.5039	12399	666.612	0.399257	0	1.02	1.02
49	0.00026499	0.000182539	452.99	1050	105	50.5363	29.7454	29.7454	118.982	118.982	0 159.536 3833.27 	3992.81	0.000447529	2.83316e-06	34.653	1050	34.653	0 1.14942e+06 4.88274e+07 	4.99768e+07	2791.77	6.5039	12399	666.612	0.391785	0	1.02	1.02
49.2	0.00025925	0.000184741	452.484	1050	105	50.5363	29.6948	29.6948	118.779	118.779	0 123.702 3815.43 	3939.14	0.000443991	2.80056e-06	33.9831	1050	33.9831	0 1.13963e+06 4.88542e+07 	4.99938e+07	2981.34	6.5039	12399	666.612	0.384442	0	1.02	1.02
49.4	0.00025338	0.000187044	451.979	1050	105	50.5363	29.6443	29.6443	118.577	118.577	0 85.2735 3796.17 	3881.44	0.000440424	2.76866e-06	33.3258	1050	33.3258	0 1.12896e+06 4.88801e+07 	5.00091e+07	3193.4	6.5039	12399	666.612	0.377226	0	1.02	1.02
49.6	0.000247352	0.000189467	451.475	1050	105	50.5363	29.5938	29.5938	118.375	118.375	0 43.8181 3775.26 	3819.08	0.000436819	2.73752e-06	32.6809	1050	32.6809	0 1.11729e+06 4.89052e+07 	5.00225e+07	3432.61	6.5039	12399	666.612	0.370135	0	1.02	1.02
49.8	0.000241135	0.000192027	450.971	1050	105	50.5363	29.5435	29.5435	118.174	118.174	0 -1.22413 3752.42 	3751.2	0.000433161	2.70721e-06	32.0482	1050	32.0482	0 1.10448e+06 4.89293e+07 	5.00338e+07	3705.03	6.5039	12399	666.612	0.363166	0	1.02	1.02
50	0.000234687	0.000194751	450.469	1050	105	50.5363	29.4933	29.4933	117.973	117.973	0 -50.5194 3727.31 	3676.79	0.000429438	2.67782e-06	31.4275	1050	31.4275	0 1.09033e+06 4.89524e+07 	5.00427e+07	4018.88	6.5039	12399	666.612	0.356318	0	1.02	1.02
50.2	0.000227958	0.00019767	449.968	1050	105	50.5363	29.4432	29.4432	117.773	117.773	0 -104.941 3699.46 	3594.52	0.000425629	2.64945e-06	30.8185	1050	30.8185	0 1.07464e+06 4.89745e+07 	5.00491e+07	4385.34	6.5039	12399	666.612	0.349587	0	1.02	1.02
50.4	0.000220885	0.000200828	449.468	1050	105	50.5363	29.3932	29.3932	117.573	117.573	0 -165.586 3668.28 	3502.7	0.000421712	2.62222e-06	30.2211	1050	30.2211	0 1.05712e+06 4.89955e+07 	5.00526e+07	4820.28	6.5039	12399	666.612	0.342971	0	1.02	1.02
50.6	0.000213383	0.000204277	448.969	1050	105	50.5363	29.3433	29.3433	117.373	117.373	0 -233.913 3632.98 	3399.07	0.000417661	2.59632e-06	29.6351	1050	29.6351	0 1.03744e+06 4.90152e+07 	5.00526e+07	5346.75	6.5039	12399	666.612	0.336468	0	1.02	1.02
50.8	0.000205342	0.000208095	448.471	1050	105	50.5363	29.2934	29.2934	117.174	117.174	0 -311.852 3592.46 	3280.6	0.000413437	2.57195e-06	29.0601	1050	29.0601	0 1.01515e+06 4.90336e+07 	5.00488e+07	5999.78	6.5039	12399	666.612	0.330074	0	1.02	1.02
51	0.000196611	0.000212386	447.973	1050	105	50.5363	29.2437	29.2437	116.975	116.975	0 -402.063 3545.15 	3143.09	0.000408996	2.5494e-06	28.4961	1050	28.4961	0 989707 4.90505e+07 	5.00402e+07	6835.18	6.5039	12399	666.612	0.323786	0	1.02	1.02
51.2	0.000186974	0.000217302	447.477	1050	105	50.5363	29.1941	29.1941	116.776	116.776	0 -508.345 3488.78 	2980.44	0.000404276	2.52907e-06	27.9428	1050	27.9428	0 960335 4.90656e+07 	5.00259e+07	7947.44	6.5039	12399	666.612	0.3176	0	1.02	1.02
51.4	0.000176111	0.000223079	446.982	1050	105	50.5363	29.1446	29.1446	116.578	116.578	0 -636.385 3419.73 	2783.35	0.00039919	2.51149e-06	27.4001	1050	27.4001	0 925969 4.90785e+07 	5.00045e+07	9510.63	6.5039	12399	666.612	0.311511	0	1.02	1.02
51.6	0.000163509	0.000230103	446.488	1050	105	50.5363	29.0952	29.0952	116.381	116.381	0 -795.383 3331.97 	2536.59	0.000393613	2.49752e-06	26.8677	1050	26.8677	0 885027 4.90887e+07 	4.99738e+07	11883.4	6.5039	12399	666.612	0.305511	0	1.02	1.02
51.8	0.000148231	0.000239101	445.995	1050	105	50.5363	29.0458	29.0458	116.183	116.183	0 -1002.02 3213.87 	2211.85	0.000387333	2.48858e-06	26.3454	1050	26.3454	0 834813 4.90952e+07 	4.99301e+07	15949.6	6.5039	12399	666.612	0.299589	0	1.02	1.02
52	0.000128175	0.000251748	445.502	1050	105	50.5363	28.9966	28.9966	115.986	115.986	0 -1293.83 3037.94 	1744.12	0.000379923	2.48763e-06	25.8331	1050	25.8331	0 769795 4.90959e+07 	4.98657e+07	24669.2	6.5039	12399	666.612	0.293721	0	1.02	1.02
52.2	9.49296e-05	0.000274913	445.011	1050	105	50.5363	28.9475	28.9475	115.79	115.79	0 -1820.15 2688.12 	867.968	0.000369842	2.50544e-06	25.3306	1050	25.3306	0 669508 4.90829e+07 	4.97525e+07	60724.7	6.5039	12399	666.612	0.287813	0	1.02	1.02
